2 0.638 0.454 0.27  0.27
2 0.734 0.524 0.334  0.334
2 0.37 0.222 0.36  0.36
2 0.458 0.598 0.31  0.31
2 0.292 0.336 0.306  0.306
2 0.246 0.532 0.346  0.346
1 0.652 0.39 0.33  0.33
0 0.314 0.514 0.298  0.328
1 0.806 0.638 0.174  0.174
2 0.5645833333333333 0.8145833333333333 0.13020833333333334  0.13020833333333334
1 0.39375 0.55 0.30104166666666665  0.30104166666666665
0 0.13958333333333334 0.22604166666666667 0.07604166666666666  0.08645833333333333
0 0.44375 0.340625 0.10625  0.09270833333333334
1 0.09270833333333334 0.14375 0.14791666666666667  0.14791666666666667
