0 0.24 0.788 0.23  0.224
0 0.342 0.152 0.148  0.14
1 0.628 0.686 0.198  0.198
0 0.468 0.446 0.224  0.224
1 0.25 0.268 0.234  0.234
1 0.746 0.376 0.154  0.154
2 0.762 0.856 0.258  0.258
1 0.886 0.85 0.154  0.154
1 0.598 0.266 0.286  0.286
0 0.58 0.33 0.242  0.214
0 0.7416666666666667 0.5666666666666667 0.23229166666666667  0.20520833333333333
1 0.4822916666666667 0.871875 0.18854166666666666  0.18854166666666666
1 0.68125 0.29583333333333334 0.31354166666666666  0.31354166666666666
0 0.23125 0.8479166666666667 0.171875  0.1875
