1 0.488 0.366 0.29  0.29
1 0.242 0.442 0.37  0.37
2 0.596 0.342 0.186  0.186
1 0.644 0.55 0.382  0.382
1 0.472 0.446 0.098  0.098
2 0.5666666666666667 0.9208333333333333 0.14479166666666668  0.14479166666666668
2 0.6208333333333333 0.625 0.384375  0.384375
1 0.3625 0.21875 0.24479166666666666  0.24479166666666666
1 0.509375 0.421875 0.38645833333333335  0.38645833333333335
2 0.6177083333333333 0.259375 0.15520833333333334  0.15520833333333334
0 0.23125 0.5916666666666667 0.26979166666666665  0.24791666666666667
