0 0.224 0.574 0.252  0.262
1 0.328 0.228 0.294  0.294
1 0.224 0.238 0.354  0.354
0 0.484 0.458 0.132  0.146
0 0.556 0.536 0.216  0.212
1 0.586 0.204 0.326  0.326
2 0.218 0.218 0.366  0.366
0 0.612 0.794 0.192  0.202
0 0.571875 0.8635416666666667 0.1  0.10416666666666667
2 0.7072916666666667 0.7354166666666667 0.128125  0.128125
0 0.55 0.2125 0.22708333333333333  0.20625
1 0.7375 0.375 0.3177083333333333  0.3177083333333333
1 0.8385416666666666 0.16666666666666666 0.13854166666666667  0.13854166666666667
1 0.8114583333333333 0.215625 0.26145833333333335  0.26145833333333335
