1 0.656 0.786 0.31  0.31
0 0.726 0.662 0.34  0.302
0 0.39 0.812 0.158  0.162
1 0.574 0.5 0.368  0.368
1 0.658 0.808 0.346  0.346
0 0.414 0.244 0.252  0.288
0 0.4354166666666667 0.6729166666666667 0.15520833333333334  0.15208333333333332
1 0.5072916666666667 0.5916666666666667 0.13229166666666667  0.13229166666666667
0 0.4427083333333333 0.8427083333333333 0.16354166666666667  0.18541666666666667
0 0.234375 0.17291666666666666 0.09583333333333334  0.09583333333333334
1 0.3260416666666667 0.20625 0.28229166666666666  0.28229166666666666
0 0.33645833333333336 0.6833333333333333 0.30104166666666665  0.32083333333333336
