1 0.6572916666666667 0.434375 0.271875  0.271875
0 0.146875 0.32708333333333334 0.10729166666666666  0.1
0 0.478125 0.35208333333333336 0.27395833333333336  0.3145833333333333
1 0.440625 0.47708333333333336 0.159375  0.159375
1 0.934375 0.4947916666666667 0.121875  0.121875
2 0.421875 0.453125 0.19479166666666667  0.19479166666666667
2 0.5229166666666667 0.39375 0.16041666666666668  0.16041666666666668
2 0.8197916666666667 0.59375 0.33645833333333336  0.33645833333333336
1 0.478125 0.32916666666666666 0.28229166666666666  0.28229166666666666
2 0.6458333333333334 0.3125 0.134375  0.134375
