0 0.5385416666666667 0.20520833333333333 0.33229166666666665  0.32916666666666666
1 0.07291666666666667 0.6645833333333333 0.10104166666666667  0.10104166666666667
2 0.42291666666666666 0.12604166666666666 0.178125  0.178125
2 0.3260416666666667 0.5927083333333333 0.24895833333333334  0.24895833333333334
0 0.521875 0.6104166666666667 0.32083333333333336  0.28541666666666665
1 0.4947916666666667 0.5041666666666667 0.29270833333333335  0.29270833333333335
0 0.2875 0.4322916666666667 0.2552083333333333  0.24895833333333334
2 0.47604166666666664 0.13125 0.19895833333333332  0.19895833333333332
0 0.08541666666666667 0.4479166666666667 0.10833333333333334  0.10416666666666667
2 0.8708333333333333 0.809375 0.209375  0.209375
