1 0.4354166666666667 0.17395833333333333 0.26979166666666665  0.26979166666666665
0 0.19479166666666667 0.21770833333333334 0.315625  0.3177083333333333
2 0.39791666666666664 0.246875 0.39479166666666665  0.39479166666666665
0 0.5291666666666667 0.321875 0.271875  0.29270833333333335
1 0.16458333333333333 0.73125 0.3177083333333333  0.3177083333333333
0 0.32395833333333335 0.3541666666666667 0.121875  0.128125
0 0.5333333333333333 0.5427083333333333 0.28854166666666664  0.2520833333333333
2 0.234375 0.7708333333333334 0.19895833333333332  0.19895833333333332
0 0.5666666666666667 0.12291666666666666 0.125  0.10833333333333334
2 0.5333333333333333 0.7729166666666667 0.2760416666666667  0.2760416666666667
