2 0.5989583333333334 0.6166666666666667 0.328125  0.328125
1 0.7947916666666667 0.3489583333333333 0.08020833333333334  0.08020833333333334
1 0.828125 0.38645833333333335 0.234375  0.234375
0 0.55 0.415625 0.18541666666666667  0.17395833333333333
1 0.5291666666666667 0.434375 0.14270833333333333  0.14270833333333333
2 0.5604166666666667 0.24375 0.271875  0.271875
2 0.5541666666666667 0.11041666666666666 0.12604166666666666  0.12604166666666666
0 0.775 0.8354166666666667 0.265625  0.26875
0 0.478125 0.578125 0.28854166666666664  0.290625
2 0.33645833333333336 0.2864583333333333 0.34270833333333334  0.34270833333333334
