2 0.24375 0.7447916666666666 0.28125  0.28125
1 0.21354166666666666 0.3885416666666667 0.328125  0.328125
2 0.6208333333333333 0.284375 0.38645833333333335  0.38645833333333335
2 0.59375 0.3 0.384375  0.384375
2 0.8020833333333334 0.48125 0.33229166666666665  0.33229166666666665
2 0.08958333333333333 0.603125 0.17395833333333333  0.17395833333333333
2 0.375 0.48333333333333334 0.334375  0.334375
0 0.14895833333333333 0.7770833333333333 0.175  0.16458333333333333
1 0.6114583333333333 0.3770833333333333 0.353125  0.353125
1 0.5697916666666667 0.8072916666666666 0.203125  0.203125
0 0.696875 0.5427083333333333 0.22708333333333333  0.24895833333333334
