1 0.7947916666666667 0.7541666666666667 0.16145833333333334  0.16145833333333334
1 0.18541666666666667 0.8645833333333334 0.18020833333333333  0.18020833333333333
0 0.30416666666666664 0.13333333333333333 0.12291666666666666  0.11666666666666667
0 0.36770833333333336 0.5666666666666667 0.23020833333333332  0.24895833333333334
0 0.44479166666666664 0.12604166666666666 0.16875  0.16875
2 0.8322916666666667 0.5614583333333333 0.23645833333333333  0.23645833333333333
2 0.40208333333333335 0.5291666666666667 0.3072916666666667  0.3072916666666667
2 0.42604166666666665 0.6635416666666667 0.13020833333333334  0.13020833333333334
1 0.8510416666666667 0.4010416666666667 0.221875  0.221875
0 0.65 0.83125 0.259375  0.25104166666666666
