0 0.265625 0.44375 0.23958333333333334  0.21145833333333333
1 0.36041666666666666 0.2708333333333333 0.30520833333333336  0.30520833333333336
1 0.48020833333333335 0.8010416666666667 0.221875  0.221875
2 0.8135416666666667 0.08229166666666667 0.16145833333333334  0.16145833333333334
0 0.27291666666666664 0.36875 0.24375  0.28229166666666666
0 0.43645833333333334 0.42083333333333334 0.203125  0.21875
0 0.33229166666666665 0.51875 0.33541666666666664  0.32083333333333336
2 0.23854166666666668 0.253125 0.11770833333333333  0.11770833333333333
2 0.609375 0.55625 0.35520833333333335  0.35520833333333335
0 0.30520833333333336 0.40520833333333334 0.25104166666666666  0.284375
