1 0.75625 0.23020833333333332 0.2552083333333333  0.2552083333333333
1 0.565625 0.3177083333333333 0.371875  0.371875
1 0.48333333333333334 0.6385416666666667 0.28229166666666666  0.28229166666666666
2 0.39791666666666664 0.7 0.3572916666666667  0.3572916666666667
1 0.54375 0.2864583333333333 0.26979166666666665  0.26979166666666665
1 0.4875 0.28541666666666665 0.3541666666666667  0.3541666666666667
0 0.1875 0.6979166666666666 0.2947916666666667  0.28958333333333336
1 0.484375 0.6333333333333333 0.16770833333333332  0.16770833333333332
0 0.7427083333333333 0.6875 0.225  0.20104166666666667
2 0.253125 0.42604166666666665 0.190625  0.190625
0 0.734375 0.809375 0.121875  0.121875
