0 0.40625 0.35625 0.31875  0.33125
0 0.3125 0.7989583333333333 0.07708333333333334  0.08854166666666667
1 0.459375 0.3729166666666667 0.14479166666666668  0.14479166666666668
2 0.3958333333333333 0.2791666666666667 0.16979166666666667  0.16979166666666667
2 0.2708333333333333 0.25625 0.221875  0.221875
1 0.7 0.7583333333333333 0.3072916666666667  0.3072916666666667
2 0.734375 0.45416666666666666 0.12395833333333334  0.12395833333333334
2 0.2833333333333333 0.66875 0.10520833333333333  0.10520833333333333
1 0.16354166666666667 0.12708333333333333 0.15104166666666666  0.15104166666666666
2 0.6645833333333333 0.31145833333333334 0.371875  0.371875
0 0.7072916666666667 0.3125 0.2708333333333333  0.24895833333333334
