0 0.6135416666666667 0.5520833333333334 0.14791666666666667  0.12916666666666668
0 0.3927083333333333 0.68125 0.278125  0.30625
0 0.5645833333333333 0.46458333333333335 0.26145833333333335  0.28854166666666664
0 0.8104166666666667 0.271875 0.12291666666666666  0.109375
2 0.5770833333333333 0.440625 0.209375  0.209375
2 0.8885416666666667 0.33125 0.165625  0.165625
2 0.196875 0.3 0.13020833333333334  0.13020833333333334
1 0.6510416666666666 0.22083333333333333 0.2552083333333333  0.2552083333333333
2 0.4322916666666667 0.44479166666666664 0.378125  0.378125
2 0.6958333333333333 0.36354166666666665 0.390625  0.390625
1 0.78125 0.503125 0.3302083333333333  0.3302083333333333
0 0.10208333333333333 0.24895833333333334 0.15  0.140625
