1 0.33229166666666665 0.546875 0.10625  0.10625
2 0.6833333333333333 0.5677083333333334 0.153125  0.153125
0 0.45 0.565625 0.33958333333333335  0.30625
0 0.8635416666666667 0.6041666666666666 0.16979166666666667  0.16458333333333333
0 0.24791666666666667 0.8708333333333333 0.13645833333333332  0.14375
0 0.234375 0.240625 0.165625  0.15
0 0.65 0.584375 0.340625  0.321875
1 0.23854166666666668 0.48541666666666666 0.365625  0.365625
1 0.2604166666666667 0.25416666666666665 0.17395833333333333  0.17395833333333333
1 0.8375 0.3489583333333333 0.24479166666666666  0.24479166666666666
1 0.4666666666666667 0.5395833333333333 0.36354166666666665  0.36354166666666665
0 0.4625 0.14791666666666667 0.18020833333333333  0.18541666666666667
