1 0.3927083333333333 0.33645833333333336 0.2552083333333333  0.2552083333333333
0 0.884375 0.2791666666666667 0.1375  0.12083333333333333
1 0.41875 0.8239583333333333 0.19479166666666667  0.19479166666666667
2 0.5114583333333333 0.4708333333333333 0.33229166666666665  0.33229166666666665
1 0.7229166666666667 0.53125 0.303125  0.303125
1 0.21458333333333332 0.846875 0.2989583333333333  0.2989583333333333
1 0.109375 0.20416666666666666 0.16770833333333332  0.16770833333333332
1 0.5447916666666667 0.296875 0.271875  0.271875
1 0.32708333333333334 0.6260416666666667 0.25104166666666666  0.25104166666666666
1 0.27395833333333336 0.68125 0.35520833333333335  0.35520833333333335
