1 0.8177083333333334 0.4510416666666667 0.103125  0.103125
0 0.7895833333333333 0.4666666666666667 0.32395833333333335  0.2791666666666667
1 0.15104166666666666 0.4270833333333333 0.11770833333333333  0.11770833333333333
2 0.321875 0.21979166666666666 0.38645833333333335  0.38645833333333335
0 0.44375 0.2791666666666667 0.1125  0.1125
2 0.371875 0.21770833333333334 0.228125  0.228125
0 0.403125 0.33958333333333335 0.20729166666666668  0.19583333333333333
1 0.6114583333333333 0.49583333333333335 0.23854166666666668  0.23854166666666668
2 0.32708333333333334 0.7104166666666667 0.303125  0.303125
1 0.5489583333333333 0.6802083333333333 0.25104166666666666  0.25104166666666666
