1 0.59375 0.475 0.171875  0.171875
2 0.7572916666666667 0.14791666666666667 0.15104166666666666  0.15104166666666666
0 0.4 0.19895833333333332 0.15208333333333332  0.13333333333333333
1 0.7541666666666667 0.3885416666666667 0.296875  0.296875
0 0.7260416666666667 0.4947916666666667 0.32395833333333335  0.33645833333333336
2 0.240625 0.59375 0.134375  0.134375
1 0.31979166666666664 0.5864583333333333 0.28229166666666666  0.28229166666666666
2 0.3770833333333333 0.7989583333333333 0.3697916666666667  0.3697916666666667
1 0.6104166666666667 0.8291666666666667 0.11770833333333333  0.11770833333333333
1 0.7583333333333333 0.2833333333333333 0.19270833333333334  0.19270833333333334
2 0.43020833333333336 0.4083333333333333 0.228125  0.228125
