1 0.28958333333333336 0.7208333333333333 0.334375  0.334375
1 0.20729166666666668 0.39166666666666666 0.14895833333333333  0.14895833333333333
0 0.7854166666666667 0.43645833333333334 0.24791666666666667  0.234375
1 0.68125 0.5458333333333333 0.16354166666666667  0.16354166666666667
2 0.571875 0.334375 0.34479166666666666  0.34479166666666666
2 0.6552083333333333 0.403125 0.35625  0.35625
1 0.2635416666666667 0.7125 0.28854166666666664  0.28854166666666664
0 0.43645833333333334 0.925 0.09270833333333334  0.10625
0 0.23958333333333334 0.27291666666666664 0.20520833333333333  0.18854166666666666
1 0.7385416666666667 0.7802083333333333 0.13020833333333334  0.13020833333333334
