2 0.14895833333333333 0.23229166666666667 0.27708333333333335  0.27708333333333335
2 0.321875 0.74375 0.36770833333333336  0.36770833333333336
1 0.15833333333333333 0.465625 0.24479166666666666  0.24479166666666666
2 0.79375 0.109375 0.103125  0.103125
0 0.521875 0.49583333333333335 0.26979166666666665  0.25
2 0.4583333333333333 0.478125 0.3260416666666667  0.3260416666666667
1 0.425 0.825 0.30104166666666665  0.30104166666666665
2 0.559375 0.30416666666666664 0.3572916666666667  0.3572916666666667
1 0.2875 0.7802083333333333 0.33645833333333336  0.33645833333333336
2 0.4479166666666667 0.22395833333333334 0.2760416666666667  0.2760416666666667
