2 0.20416666666666666 0.6770833333333334 0.3927083333333333  0.3927083333333333
2 0.7979166666666667 0.8447916666666667 0.26979166666666665  0.26979166666666665
1 0.9166666666666666 0.76875 0.14479166666666668  0.14479166666666668
0 0.7208333333333333 0.20416666666666666 0.2947916666666667  0.30104166666666665
0 0.6208333333333333 0.8458333333333333 0.13125  0.14166666666666666
1 0.7270833333333333 0.225 0.340625  0.340625
2 0.690625 0.265625 0.36770833333333336  0.36770833333333336
1 0.21770833333333334 0.190625 0.14479166666666668  0.14479166666666668
0 0.7927083333333333 0.60625 0.134375  0.12604166666666666
1 0.50625 0.8645833333333334 0.19270833333333334  0.19270833333333334
