0 0.7427083333333333 0.46979166666666666 0.10625  0.11875
1 0.26666666666666666 0.5666666666666667 0.38229166666666664  0.38229166666666664
0 0.8177083333333334 0.6697916666666667 0.2520833333333333  0.25625
0 0.4083333333333333 0.17395833333333333 0.2635416666666667  0.28854166666666664
0 0.159375 0.3177083333333333 0.2  0.19270833333333334
0 0.34479166666666666 0.24375 0.334375  0.33125
1 0.721875 0.3458333333333333 0.18645833333333334  0.18645833333333334
0 0.49375 0.5802083333333333 0.34270833333333334  0.30520833333333336
1 0.746875 0.65 0.16145833333333334  0.16145833333333334
0 0.65 0.6145833333333334 0.253125  0.2864583333333333
2 0.18854166666666666 0.434375 0.3385416666666667  0.3385416666666667
