0 0.12083333333333333 0.7260416666666667 0.184375  0.171875
0 0.20208333333333334 0.65625 0.2833333333333333  0.28541666666666665
2 0.1875 0.42916666666666664 0.13645833333333332  0.13645833333333332
1 0.41354166666666664 0.18333333333333332 0.22604166666666667  0.22604166666666667
0 0.6979166666666666 0.534375 0.3333333333333333  0.2947916666666667
0 0.3333333333333333 0.625 0.2791666666666667  0.265625
2 0.68125 0.8208333333333333 0.15729166666666666  0.15729166666666666
0 0.459375 0.584375 0.21979166666666666  0.23854166666666668
0 0.5552083333333333 0.5520833333333334 0.20833333333333334  0.196875
1 0.7104166666666667 0.8 0.2947916666666667  0.2947916666666667
1 0.44166666666666665 0.559375 0.278125  0.278125
