2 0.46979166666666666 0.5239583333333333 0.30520833333333336  0.30520833333333336
0 0.584375 0.840625 0.24895833333333334  0.24479166666666666
2 0.14375 0.340625 0.2760416666666667  0.2760416666666667
0 0.775 0.6947916666666667 0.16041666666666668  0.15729166666666666
1 0.26875 0.35625 0.2635416666666667  0.2635416666666667
1 0.403125 0.24791666666666667 0.31979166666666664  0.31979166666666664
1 0.165625 0.2875 0.32395833333333335  0.32395833333333335
1 0.4625 0.7395833333333334 0.146875  0.146875
0 0.2125 0.7510416666666667 0.109375  0.10625
1 0.5489583333333333 0.703125 0.18020833333333333  0.18020833333333333
