0 0.7979166666666667 0.46041666666666664 0.1  0.10520833333333333
2 0.19166666666666668 0.8927083333333333 0.140625  0.140625
2 0.215625 0.26458333333333334 0.3927083333333333  0.3927083333333333
2 0.290625 0.24479166666666666 0.11354166666666667  0.11354166666666667
2 0.7072916666666667 0.38125 0.28020833333333334  0.28020833333333334
1 0.29583333333333334 0.7072916666666667 0.19270833333333334  0.19270833333333334
1 0.2708333333333333 0.734375 0.15520833333333334  0.15520833333333334
1 0.48020833333333335 0.58125 0.2635416666666667  0.2635416666666667
2 0.4708333333333333 0.23229166666666667 0.20520833333333333  0.20520833333333333
1 0.8958333333333334 0.08333333333333333 0.109375  0.109375
