0 0.366 0.456 0.336  0.302
1 0.618 0.182 0.186  0.186
0 0.31 0.306 0.326  0.314
0 0.782 0.86 0.126  0.116
1 0.44 0.62 0.098  0.098
0 0.444 0.39 0.236  0.27
0 0.46770833333333334 0.3072916666666667 0.16041666666666668  0.184375
1 0.17291666666666666 0.2833333333333333 0.19895833333333332  0.19895833333333332
0 0.5635416666666667 0.10416666666666667 0.10833333333333334  0.12291666666666666
2 0.17604166666666668 0.7927083333333333 0.34270833333333334  0.34270833333333334
1 0.16979166666666667 0.303125 0.253125  0.253125
