0 0.41770833333333335 0.853125 0.19583333333333333  0.18333333333333332
0 0.475 0.5916666666666667 0.31979166666666664  0.28125
2 0.5583333333333333 0.14166666666666666 0.14270833333333333  0.14270833333333333
1 0.284375 0.5958333333333333 0.19270833333333334  0.19270833333333334
0 0.5875 0.90625 0.16041666666666668  0.14270833333333333
1 0.5697916666666667 0.575 0.246875  0.246875
0 0.7395833333333334 0.19791666666666666 0.11666666666666667  0.10416666666666667
2 0.31979166666666664 0.659375 0.3927083333333333  0.3927083333333333
1 0.665625 0.6697916666666667 0.221875  0.221875
0 0.7166666666666667 0.85 0.15104166666666666  0.14791666666666667
