0 0.096 0.242 0.098  0.11
1 0.584 0.738 0.082  0.082
0 0.384 0.238 0.144  0.166
2 0.516 0.518 0.25  0.25
0 0.648 0.77 0.238  0.238
2 0.325 0.6322916666666667 0.159375  0.159375
1 0.353125 0.8458333333333333 0.115625  0.115625
2 0.7729166666666667 0.7635416666666667 0.35104166666666664  0.35104166666666664
0 0.6958333333333333 0.5333333333333333 0.275  0.28541666666666665
2 0.7854166666666667 0.8302083333333333 0.2947916666666667  0.2947916666666667
2 0.328125 0.7052083333333333 0.3302083333333333  0.3302083333333333
