0 0.14270833333333333 0.6114583333333333 0.15416666666666667  0.16354166666666667
0 0.1375 0.196875 0.10520833333333333  0.11666666666666667
2 0.74375 0.71875 0.2677083333333333  0.2677083333333333
0 0.7947916666666667 0.5229166666666667 0.31875  0.2791666666666667
1 0.396875 0.6510416666666666 0.2760416666666667  0.2760416666666667
0 0.228125 0.684375 0.2760416666666667  0.24583333333333332
2 0.3645833333333333 0.6197916666666666 0.25104166666666666  0.25104166666666666
2 0.7947916666666667 0.8114583333333333 0.09895833333333333  0.09895833333333333
2 0.440625 0.465625 0.3885416666666667  0.3885416666666667
2 0.8010416666666667 0.46145833333333336 0.271875  0.271875
