0 0.6604166666666667 0.5302083333333333 0.2760416666666667  0.240625
2 0.5802083333333333 0.840625 0.3072916666666667  0.3072916666666667
1 0.715625 0.26979166666666665 0.3302083333333333  0.3302083333333333
1 0.7291666666666666 0.18229166666666666 0.23854166666666668  0.23854166666666668
2 0.8979166666666667 0.5135416666666667 0.196875  0.196875
0 0.6875 0.8510416666666667 0.24166666666666667  0.21458333333333332
2 0.5802083333333333 0.36875 0.35520833333333335  0.35520833333333335
1 0.23229166666666667 0.35520833333333335 0.140625  0.140625
2 0.4197916666666667 0.415625 0.23854166666666668  0.23854166666666668
2 0.3229166666666667 0.2375 0.303125  0.303125
