0 0.065625 0.6520833333333333 0.08020833333333334  0.08854166666666667
0 0.2947916666666667 0.41041666666666665 0.23958333333333334  0.24791666666666667
0 0.584375 0.2760416666666667 0.13958333333333334  0.14270833333333333
2 0.15208333333333332 0.271875 0.303125  0.303125
0 0.06979166666666667 0.934375 0.08333333333333333  0.09375
1 0.6229166666666667 0.6989583333333333 0.365625  0.365625
2 0.25 0.3416666666666667 0.24270833333333333  0.24270833333333333
2 0.6822916666666666 0.4979166666666667 0.296875  0.296875
0 0.48125 0.7635416666666667 0.21145833333333333  0.196875
1 0.321875 0.6447916666666667 0.28020833333333334  0.28020833333333334
1 0.596875 0.6052083333333333 0.13020833333333334  0.13020833333333334
0 0.8052083333333333 0.5322916666666667 0.24791666666666667  0.24375
