0 0.7875 0.415625 0.2677083333333333  0.23958333333333334
2 0.8864583333333333 0.5760416666666667 0.19270833333333334  0.19270833333333334
1 0.17395833333333333 0.6229166666666667 0.12604166666666666  0.12604166666666666
0 0.4635416666666667 0.253125 0.23645833333333333  0.2635416666666667
1 0.5010416666666667 0.6770833333333334 0.228125  0.228125
2 0.6697916666666667 0.39791666666666664 0.31979166666666664  0.31979166666666664
2 0.5 0.4125 0.10104166666666667  0.10104166666666667
2 0.771875 0.425 0.22604166666666667  0.22604166666666667
1 0.42604166666666665 0.07291666666666667 0.11979166666666667  0.11979166666666667
2 0.7104166666666667 0.17916666666666667 0.31979166666666664  0.31979166666666664
