2 0.48125 0.5395833333333333 0.33229166666666665  0.33229166666666665
0 0.45416666666666666 0.11875 0.13333333333333333  0.14479166666666668
2 0.8072916666666666 0.31666666666666665 0.31145833333333334  0.31145833333333334
0 0.4479166666666667 0.27291666666666664 0.24791666666666667  0.221875
1 0.06666666666666667 0.384375 0.121875  0.121875
2 0.7552083333333334 0.21770833333333334 0.3572916666666667  0.3572916666666667
2 0.5614583333333333 0.259375 0.146875  0.146875
1 0.428125 0.490625 0.36770833333333336  0.36770833333333336
1 0.84375 0.24895833333333334 0.19479166666666667  0.19479166666666667
2 0.5072916666666667 0.25416666666666665 0.10104166666666667  0.10104166666666667
