0 0.6302083333333334 0.38645833333333335 0.26145833333333335  0.278125
2 0.7041666666666667 0.7760416666666666 0.25  0.25
0 0.46145833333333336 0.5145833333333333 0.26666666666666666  0.30416666666666664
2 0.8083333333333333 0.6333333333333333 0.18854166666666666  0.18854166666666666
0 0.5364583333333334 0.7489583333333333 0.2791666666666667  0.29791666666666666
0 0.5447916666666667 0.4083333333333333 0.10208333333333333  0.109375
0 0.6208333333333333 0.884375 0.12395833333333334  0.134375
1 0.6729166666666667 0.171875 0.2864583333333333  0.2864583333333333
1 0.6854166666666667 0.21875 0.084375  0.084375
1 0.7020833333333333 0.44375 0.203125  0.203125
0 0.41041666666666665 0.6072916666666667 0.16354166666666667  0.17291666666666666
