0 0.19375 0.36354166666666665 0.27291666666666664  0.2677083333333333
1 0.39375 0.146875 0.234375  0.234375
2 0.4427083333333333 0.38645833333333335 0.321875  0.321875
0 0.7229166666666667 0.325 0.26666666666666666  0.28125
2 0.7239583333333334 0.2 0.390625  0.390625
2 0.7947916666666667 0.8208333333333333 0.30416666666666664  0.30416666666666664
0 0.8489583333333334 0.40729166666666666 0.15208333333333332  0.15520833333333334
0 0.8270833333333333 0.609375 0.271875  0.29583333333333334
0 0.465625 0.28958333333333336 0.2760416666666667  0.28229166666666666
2 0.2677083333333333 0.19375 0.340625  0.340625
