0 0.18645833333333334 0.7989583333333333 0.209375  0.18229166666666666
2 0.846875 0.6635416666666667 0.21145833333333333  0.21145833333333333
2 0.334375 0.8041666666666667 0.20104166666666667  0.20104166666666667
0 0.778125 0.71875 0.09479166666666666  0.08541666666666667
0 0.5322916666666667 0.14270833333333333 0.13333333333333333  0.12083333333333333
0 0.5427083333333333 0.28854166666666664 0.26979166666666665  0.3020833333333333
0 0.21145833333333333 0.5729166666666666 0.11666666666666667  0.12916666666666668
2 0.7625 0.26666666666666666 0.21875  0.21875
1 0.12708333333333333 0.8416666666666667 0.13645833333333332  0.13645833333333332
2 0.7020833333333333 0.35833333333333334 0.10520833333333333  0.10520833333333333
