2 0.5322916666666667 0.4947916666666667 0.14895833333333333  0.14895833333333333
0 0.825 0.20833333333333334 0.29583333333333334  0.2833333333333333
2 0.40729166666666666 0.178125 0.13020833333333334  0.13020833333333334
0 0.225 0.465625 0.26458333333333334  0.23333333333333334
0 0.659375 0.30833333333333335 0.278125  0.24166666666666667
2 0.8677083333333333 0.8822916666666667 0.21354166666666666  0.21354166666666666
2 0.4083333333333333 0.396875 0.334375  0.334375
0 0.6083333333333333 0.6385416666666667 0.07916666666666666  0.08854166666666667
1 0.190625 0.7229166666666667 0.296875  0.296875
2 0.44583333333333336 0.665625 0.253125  0.253125
1 0.5666666666666667 0.25104166666666666 0.284375  0.284375
