0 0.1625 0.10625 0.14895833333333333  0.14166666666666666
2 0.8291666666666667 0.11979166666666667 0.16770833333333332  0.16770833333333332
2 0.37916666666666665 0.7541666666666667 0.371875  0.371875
2 0.33125 0.753125 0.3802083333333333  0.3802083333333333
0 0.24791666666666667 0.375 0.2708333333333333  0.27291666666666664
2 0.521875 0.65625 0.2989583333333333  0.2989583333333333
1 0.7541666666666667 0.22604166666666667 0.3177083333333333  0.3177083333333333
0 0.865625 0.309375 0.12604166666666666  0.11875
2 0.5364583333333334 0.31354166666666666 0.3385416666666667  0.3385416666666667
2 0.440625 0.31666666666666665 0.384375  0.384375
0 0.20833333333333334 0.24791666666666667 0.20833333333333334  0.20833333333333334
1 0.5 0.7489583333333333 0.34479166666666666  0.34479166666666666
