1 0.27708333333333335 0.23229166666666667 0.3489583333333333  0.3489583333333333
0 0.8645833333333334 0.4197916666666667 0.10520833333333333  0.1125
1 0.871875 0.5927083333333333 0.146875  0.146875
2 0.6947916666666667 0.3885416666666667 0.36354166666666665  0.36354166666666665
1 0.18854166666666666 0.184375 0.334375  0.334375
1 0.65 0.6416666666666667 0.2989583333333333  0.2989583333333333
2 0.23958333333333334 0.7 0.33958333333333335  0.33958333333333335
0 0.6458333333333334 0.49895833333333334 0.19166666666666668  0.19791666666666666
0 0.44166666666666665 0.26458333333333334 0.303125  0.3
2 0.184375 0.221875 0.2552083333333333  0.2552083333333333
