1 0.6270833333333333 0.234375 0.253125  0.253125
2 0.5010416666666667 0.43333333333333335 0.315625  0.315625
0 0.28125 0.5854166666666667 0.228125  0.19791666666666666
1 0.85625 0.590625 0.14270833333333333  0.14270833333333333
0 0.32083333333333336 0.2916666666666667 0.22604166666666667  0.25625
2 0.08229166666666667 0.6583333333333333 0.09895833333333333  0.09895833333333333
0 0.23645833333333333 0.20625 0.271875  0.271875
1 0.6885416666666667 0.53125 0.246875  0.246875
2 0.1625 0.6677083333333333 0.13645833333333332  0.13645833333333332
2 0.44479166666666664 0.596875 0.15520833333333334  0.15520833333333334
1 0.85625 0.4197916666666667 0.26979166666666665  0.26979166666666665
2 0.6927083333333334 0.44895833333333335 0.3885416666666667  0.3885416666666667
