1 0.25 0.215625 0.14270833333333333  0.14270833333333333
1 0.54375 0.6145833333333334 0.171875  0.171875
1 0.7020833333333333 0.721875 0.21770833333333334  0.21770833333333334
2 0.39479166666666665 0.8520833333333333 0.228125  0.228125
1 0.28541666666666665 0.09895833333333333 0.16145833333333334  0.16145833333333334
2 0.4041666666666667 0.7447916666666666 0.14583333333333334  0.14583333333333334
0 0.396875 0.6041666666666666 0.28229166666666666  0.2760416666666667
0 0.33541666666666664 0.18125 0.12395833333333334  0.13020833333333334
0 0.8291666666666667 0.7541666666666667 0.178125  0.18125
1 0.721875 0.265625 0.25729166666666664  0.25729166666666664
2 0.6739583333333333 0.7645833333333333 0.35104166666666664  0.35104166666666664
