0 0.8041666666666667 0.20729166666666668 0.103125  0.11145833333333334
0 0.2 0.4708333333333333 0.28229166666666666  0.24583333333333332
0 0.784375 0.109375 0.18333333333333332  0.18333333333333332
2 0.37395833333333334 0.815625 0.33229166666666665  0.33229166666666665
0 0.3072916666666667 0.37916666666666665 0.2989583333333333  0.3385416666666667
1 0.56875 0.8145833333333333 0.128125  0.128125
0 0.8072916666666666 0.7197916666666667 0.08958333333333333  0.09166666666666666
2 0.5458333333333333 0.3541666666666667 0.19270833333333334  0.19270833333333334
1 0.8802083333333334 0.603125 0.134375  0.134375
1 0.159375 0.2375 0.215625  0.215625
0 0.17291666666666666 0.590625 0.16875  0.18541666666666667
2 0.7385416666666667 0.16354166666666667 0.17604166666666668  0.17604166666666668
