1 0.764 0.762 0.162  0.162
0 0.692 0.186 0.26  0.242
2 0.484 0.546 0.126  0.126
1 0.492 0.28 0.318  0.318
2 0.812 0.076 0.134  0.134
2 0.524 0.386 0.298  0.298
0 0.25416666666666665 0.828125 0.115625  0.10416666666666667
0 0.19895833333333332 0.6822916666666666 0.30520833333333336  0.2916666666666667
1 0.6864583333333333 0.5635416666666667 0.21145833333333333  0.21145833333333333
2 0.8166666666666667 0.471875 0.11041666666666666  0.11041666666666666
2 0.375 0.6645833333333333 0.334375  0.334375
1 0.46041666666666664 0.6979166666666666 0.321875  0.321875
