1 0.49895833333333334 0.32395833333333335 0.346875  0.346875
0 0.19895833333333332 0.5427083333333333 0.19583333333333333  0.19583333333333333
1 0.17708333333333334 0.6083333333333333 0.16770833333333332  0.16770833333333332
0 0.7385416666666667 0.18333333333333332 0.16354166666666667  0.17291666666666666
2 0.7072916666666667 0.7854166666666667 0.2635416666666667  0.2635416666666667
1 0.3385416666666667 0.36770833333333336 0.14270833333333333  0.14270833333333333
1 0.41041666666666665 0.19375 0.08229166666666667  0.08229166666666667
0 0.31145833333333334 0.109375 0.09270833333333334  0.1
1 0.8708333333333333 0.2 0.18854166666666666  0.18854166666666666
2 0.09375 0.528125 0.14479166666666668  0.14479166666666668
2 0.32708333333333334 0.5322916666666667 0.36354166666666665  0.36354166666666665
2 0.7489583333333333 0.4375 0.13020833333333334  0.13020833333333334
