1 0.27708333333333335 0.24479166666666666 0.240625  0.240625
2 0.31145833333333334 0.4 0.21875  0.21875
0 0.228125 0.709375 0.08125  0.09166666666666666
0 0.18229166666666666 0.35104166666666664 0.18645833333333334  0.20104166666666667
2 0.328125 0.5260416666666666 0.321875  0.321875
1 0.5354166666666667 0.5 0.215625  0.215625
1 0.234375 0.6385416666666667 0.365625  0.365625
0 0.35520833333333335 0.7458333333333333 0.23333333333333334  0.2520833333333333
2 0.246875 0.8010416666666667 0.26145833333333335  0.26145833333333335
1 0.5989583333333334 0.41875 0.290625  0.290625
0 0.6458333333333334 0.83125 0.290625  0.253125
