0 0.7333333333333333 0.78125 0.15104166666666666  0.16875
0 0.7229166666666667 0.3125 0.146875  0.14166666666666666
2 0.80625 0.36770833333333336 0.18125  0.18125
0 0.6270833333333333 0.25 0.14791666666666667  0.165625
2 0.834375 0.434375 0.31979166666666664  0.31979166666666664
1 0.4625 0.7666666666666667 0.23229166666666667  0.23229166666666667
1 0.15729166666666666 0.3770833333333333 0.221875  0.221875
0 0.18541666666666667 0.7625 0.2833333333333333  0.32083333333333336
0 0.18958333333333333 0.375 0.28958333333333336  0.303125
2 0.5395833333333333 0.415625 0.25104166666666666  0.25104166666666666
