1 0.703125 0.45729166666666665 0.190625  0.190625
1 0.47291666666666665 0.4552083333333333 0.11145833333333334  0.11145833333333334
0 0.13020833333333334 0.6177083333333333 0.12604166666666666  0.13854166666666667
2 0.15625 0.86875 0.253125  0.253125
1 0.3614583333333333 0.47291666666666665 0.26979166666666665  0.26979166666666665
0 0.7822916666666667 0.221875 0.14895833333333333  0.14895833333333333
2 0.26666666666666666 0.3875 0.396875  0.396875
1 0.79375 0.37395833333333334 0.3177083333333333  0.3177083333333333
0 0.8375 0.28541666666666665 0.165625  0.18333333333333332
0 0.7197916666666667 0.4791666666666667 0.14583333333333334  0.15833333333333333
