1 0.203125 0.4125 0.284375  0.284375
1 0.259375 0.5416666666666666 0.28229166666666666  0.28229166666666666
1 0.18854166666666666 0.290625 0.334375  0.334375
1 0.49583333333333335 0.31354166666666666 0.378125  0.378125
1 0.40208333333333335 0.265625 0.19895833333333332  0.19895833333333332
2 0.39375 0.27708333333333335 0.278125  0.278125
2 0.45416666666666666 0.478125 0.09895833333333333  0.09895833333333333
1 0.3854166666666667 0.6416666666666667 0.17604166666666668  0.17604166666666668
0 0.19375 0.5895833333333333 0.17083333333333334  0.15104166666666666
1 0.19583333333333333 0.775 0.24270833333333333  0.24270833333333333
0 0.465625 0.39375 0.21875  0.20729166666666668
2 0.325 0.3614583333333333 0.353125  0.353125
