0 0.8572916666666667 0.21458333333333332 0.134375  0.13958333333333334
0 0.19375 0.5041666666666667 0.309375  0.3145833333333333
2 0.38229166666666664 0.5 0.3802083333333333  0.3802083333333333
0 0.49270833333333336 0.625 0.24166666666666667  0.22916666666666666
1 0.07083333333333333 0.49270833333333336 0.13229166666666667  0.13229166666666667
1 0.5572916666666666 0.4947916666666667 0.353125  0.353125
1 0.8385416666666666 0.19375 0.18020833333333333  0.18020833333333333
1 0.825 0.68125 0.23854166666666668  0.23854166666666668
2 0.17604166666666668 0.42916666666666664 0.171875  0.171875
1 0.7666666666666667 0.22708333333333333 0.209375  0.209375
