1 0.144 0.262 0.134  0.134
0 0.148 0.794 0.14  0.154
0 0.45 0.496 0.296  0.31
2 0.22 0.4 0.378  0.378
0 0.6958333333333333 0.84375 0.228125  0.234375
1 0.23125 0.7697916666666667 0.21979166666666666  0.21979166666666666
1 0.7885416666666667 0.6510416666666666 0.12395833333333334  0.12395833333333334
2 0.25104166666666666 0.5260416666666666 0.19479166666666667  0.19479166666666667
0 0.584375 0.6635416666666667 0.3  0.31145833333333334
1 0.653125 0.6354166666666666 0.22395833333333334  0.22395833333333334
