1 0.37916666666666665 0.55 0.10104166666666667  0.10104166666666667
2 0.89375 0.334375 0.115625  0.115625
0 0.35625 0.34375 0.33229166666666665  0.32083333333333336
2 0.46770833333333334 0.2375 0.378125  0.378125
1 0.4791666666666667 0.8135416666666667 0.16979166666666667  0.16979166666666667
1 0.7875 0.6291666666666667 0.3260416666666667  0.3260416666666667
1 0.49270833333333336 0.2635416666666667 0.32395833333333335  0.32395833333333335
1 0.8166666666666667 0.484375 0.12604166666666666  0.12604166666666666
2 0.37604166666666666 0.36354166666666665 0.30104166666666665  0.30104166666666665
2 0.7645833333333333 0.6583333333333333 0.37395833333333334  0.37395833333333334
0 0.653125 0.7927083333333333 0.14375  0.12916666666666668
