2 0.8916666666666667 0.23229166666666667 0.12395833333333334  0.12395833333333334
0 0.17708333333333334 0.27708333333333335 0.14166666666666666  0.15208333333333332
2 0.23125 0.36770833333333336 0.23020833333333332  0.23020833333333332
0 0.4708333333333333 0.16666666666666666 0.28854166666666664  0.25104166666666666
1 0.5125 0.5375 0.234375  0.234375
2 0.5291666666666667 0.6541666666666667 0.21354166666666666  0.21354166666666666
0 0.75 0.35208333333333336 0.2677083333333333  0.290625
1 0.07395833333333333 0.6864583333333333 0.09479166666666666  0.09479166666666666
1 0.19375 0.3614583333333333 0.3260416666666667  0.3260416666666667
2 0.5427083333333333 0.3625 0.18854166666666666  0.18854166666666666
