2 0.9260416666666667 0.7020833333333333 0.128125  0.128125
1 0.5114583333333333 0.6739583333333333 0.128125  0.128125
0 0.14270833333333333 0.46875 0.15833333333333333  0.13854166666666667
1 0.6052083333333333 0.625 0.18854166666666666  0.18854166666666666
2 0.3072916666666667 0.4739583333333333 0.37604166666666666  0.37604166666666666
1 0.6989583333333333 0.37916666666666665 0.234375  0.234375
1 0.3145833333333333 0.7822916666666667 0.08645833333333333  0.08645833333333333
0 0.7552083333333334 0.5333333333333333 0.16666666666666666  0.14895833333333333
0 0.2989583333333333 0.6302083333333334 0.096875  0.09375
2 0.7208333333333333 0.3375 0.2947916666666667  0.2947916666666667
