2 0.5166666666666667 0.134375 0.13854166666666667  0.13854166666666667
1 0.8697916666666666 0.415625 0.215625  0.215625
1 0.421875 0.853125 0.20520833333333333  0.20520833333333333
2 0.8572916666666667 0.3072916666666667 0.17604166666666668  0.17604166666666668
1 0.21354166666666666 0.5239583333333333 0.303125  0.303125
1 0.46770833333333334 0.3927083333333333 0.21354166666666666  0.21354166666666666
2 0.45 0.7645833333333333 0.09895833333333333  0.09895833333333333
2 0.7625 0.5052083333333334 0.3260416666666667  0.3260416666666667
1 0.5697916666666667 0.5989583333333334 0.146875  0.146875
1 0.31354166666666666 0.6395833333333333 0.22604166666666667  0.22604166666666667
0 0.14479166666666668 0.7770833333333333 0.19479166666666667  0.21354166666666666
2 0.13333333333333333 0.7364583333333333 0.2552083333333333  0.2552083333333333
