0 0.61 0.48 0.304  0.266
0 0.55 0.7 0.102  0.092
1 0.648 0.72 0.222  0.222
2 0.826 0.578 0.314  0.314
0 0.24 0.246 0.196  0.204
2 0.7989583333333333 0.41875 0.21770833333333334  0.21770833333333334
1 0.7239583333333334 0.31145833333333334 0.08645833333333333  0.08645833333333333
0 0.24791666666666667 0.515625 0.2947916666666667  0.25416666666666665
0 0.7864583333333334 0.48020833333333335 0.17083333333333334  0.18229166666666666
1 0.19479166666666667 0.809375 0.22395833333333334  0.22395833333333334
