1 0.358 0.36 0.186  0.186
0 0.404 0.272 0.278  0.276
2 0.834 0.85 0.254  0.254
0 0.294 0.234 0.222  0.246
2 0.898 0.788 0.174  0.174
2 0.906 0.682 0.138  0.138
0 0.18854166666666666 0.8447916666666667 0.2125  0.23541666666666666
1 0.534375 0.56875 0.10520833333333333  0.10520833333333333
2 0.6739583333333333 0.621875 0.33229166666666665  0.33229166666666665
1 0.31354166666666666 0.5916666666666667 0.159375  0.159375
1 0.6333333333333333 0.928125 0.11145833333333334  0.11145833333333334
0 0.525 0.4864583333333333 0.30416666666666664  0.33229166666666665
