1 0.422 0.162 0.258  0.258
2 0.322 0.638 0.356  0.356
0 0.496 0.19 0.14  0.146
2 0.214 0.734 0.358  0.358
0 0.3854166666666667 0.79375 0.11770833333333333  0.12916666666666668
2 0.28958333333333336 0.6395833333333333 0.184375  0.184375
2 0.81875 0.84375 0.15104166666666666  0.15104166666666666
0 0.2916666666666667 0.30416666666666664 0.26666666666666666  0.25833333333333336
1 0.3489583333333333 0.321875 0.26979166666666665  0.26979166666666665
0 0.20416666666666666 0.50625 0.15729166666666666  0.175
