2 0.46 0.82 0.126  0.126
0 0.75 0.652 0.28  0.266
1 0.108 0.214 0.122  0.122
1 0.31 0.238 0.23  0.23
0 0.594 0.48 0.108  0.116
0 0.394 0.746 0.196  0.196
0 0.7385416666666667 0.8260416666666667 0.21979166666666666  0.24895833333333334
1 0.25729166666666664 0.7020833333333333 0.26979166666666665  0.26979166666666665
2 0.41041666666666665 0.4479166666666667 0.26979166666666665  0.26979166666666665
0 0.3625 0.25 0.25  0.25
1 0.7791666666666667 0.7822916666666667 0.23958333333333334  0.23958333333333334
