1 0.654 0.368 0.258  0.258
0 0.448 0.702 0.306  0.286
0 0.796 0.252 0.292  0.324
1 0.724 0.608 0.314  0.314
2 0.726 0.296 0.306  0.306
2 0.518 0.234 0.274  0.274
0 0.7020833333333333 0.7791666666666667 0.08854166666666667  0.09166666666666666
0 0.3541666666666667 0.7541666666666667 0.2833333333333333  0.315625
2 0.734375 0.778125 0.15520833333333334  0.15520833333333334
1 0.5947916666666667 0.6989583333333333 0.309375  0.309375
1 0.18125 0.74375 0.21770833333333334  0.21770833333333334
0 0.41041666666666665 0.5208333333333334 0.125  0.12916666666666668
