1 0.524 0.234 0.278  0.278
1 0.716 0.85 0.186  0.186
0 0.258 0.324 0.11  0.126
1 0.584 0.728 0.39  0.39
2 0.87 0.712 0.226  0.226
1 0.14 0.366 0.226  0.226
2 0.5041666666666667 0.3385416666666667 0.14479166666666668  0.14479166666666668
0 0.5739583333333333 0.6520833333333333 0.175  0.15416666666666667
2 0.6552083333333333 0.8104166666666667 0.37395833333333334  0.37395833333333334
0 0.28541666666666665 0.40625 0.2791666666666667  0.309375
1 0.684375 0.32916666666666666 0.346875  0.346875
2 0.68125 0.534375 0.17395833333333333  0.17395833333333333
