0 0.468 0.332 0.192  0.21
0 0.192 0.224 0.192  0.168
0 0.478 0.674 0.316  0.336
2 0.54 0.484 0.21  0.21
0 0.590625 0.58125 0.175  0.18020833333333333
0 0.28125 0.328125 0.24895833333333334  0.24166666666666667
0 0.7447916666666666 0.23125 0.22604166666666667  0.22604166666666667
1 0.2947916666666667 0.8770833333333333 0.14479166666666668  0.14479166666666668
1 0.6947916666666667 0.45729166666666665 0.32395833333333335  0.32395833333333335
2 0.09895833333333333 0.5927083333333333 0.12395833333333334  0.12395833333333334
