0 0.218 0.592 0.3  0.296
1 0.792 0.724 0.25  0.25
1 0.7 0.206 0.102  0.102
2 0.786 0.668 0.142  0.142
1 0.578 0.158 0.202  0.202
1 0.22 0.728 0.238  0.238
2 0.446 0.202 0.366  0.366
0 0.854 0.922 0.106  0.102
1 0.85 0.362 0.238  0.238
1 0.268 0.384 0.17  0.17
2 0.6114583333333333 0.2 0.3614583333333333  0.3614583333333333
0 0.690625 0.5322916666666667 0.30833333333333335  0.275
1 0.396875 0.7541666666666667 0.21979166666666666  0.21979166666666666
1 0.14583333333333334 0.8104166666666667 0.16979166666666667  0.16979166666666667
0 0.19791666666666666 0.3072916666666667 0.16354166666666667  0.16979166666666667
