1 0.424 0.624 0.342  0.342
0 0.284 0.818 0.128  0.114
1 0.784 0.826 0.246  0.246
0 0.85 0.448 0.18  0.174
2 0.606 0.544 0.218  0.218
0 0.23645833333333333 0.815625 0.24791666666666667  0.2864583333333333
1 0.2635416666666667 0.7729166666666667 0.31354166666666666  0.31354166666666666
2 0.2708333333333333 0.49895833333333334 0.35104166666666664  0.35104166666666664
1 0.90625 0.5333333333333333 0.14479166666666668  0.14479166666666668
1 0.14583333333333334 0.46041666666666664 0.146875  0.146875
2 0.759375 0.44479166666666664 0.18854166666666666  0.18854166666666666
