1 0.2 0.294 0.238  0.238
1 0.13 0.18 0.238  0.238
2 0.676 0.454 0.178  0.178
0 0.226 0.44 0.304  0.27
1 0.59375 0.753125 0.15729166666666666  0.15729166666666666
2 0.465625 0.7604166666666666 0.36770833333333336  0.36770833333333336
1 0.7760416666666666 0.49166666666666664 0.303125  0.303125
1 0.5364583333333334 0.5822916666666667 0.278125  0.278125
2 0.9354166666666667 0.22083333333333333 0.11979166666666667  0.11979166666666667
2 0.3875 0.39895833333333336 0.31145833333333334  0.31145833333333334
