0 0.424 0.734 0.262  0.234
1 0.356 0.538 0.266  0.266
2 0.154 0.31 0.206  0.206
0 0.264 0.638 0.164  0.158
0 0.314 0.53 0.106  0.094
1 0.5375 0.615625 0.21145833333333333  0.21145833333333333
2 0.6666666666666666 0.390625 0.3302083333333333  0.3302083333333333
1 0.621875 0.7354166666666667 0.25104166666666666  0.25104166666666666
0 0.32395833333333335 0.2916666666666667 0.24791666666666667  0.221875
2 0.6114583333333333 0.18541666666666667 0.296875  0.296875
2 0.21354166666666666 0.30625 0.321875  0.321875
