2 0.768 0.51 0.358  0.358
0 0.754 0.61 0.234  0.234
2 0.236 0.7 0.25  0.25
2 0.62 0.65 0.162  0.162
1 0.476 0.792 0.23  0.23
2 0.906 0.886 0.13  0.13
2 0.49270833333333336 0.5916666666666667 0.2760416666666667  0.2760416666666667
0 0.5572916666666666 0.365625 0.21354166666666666  0.22395833333333334
2 0.6614583333333334 0.5208333333333334 0.2677083333333333  0.2677083333333333
2 0.6729166666666667 0.3854166666666667 0.27395833333333336  0.27395833333333336
2 0.31145833333333334 0.46979166666666666 0.22604166666666667  0.22604166666666667
