2 0.13 0.43 0.108  0.108
2 0.816 0.738 0.302  0.302
0 0.092 0.674 0.076  0.086
2 0.494 0.71 0.37  0.37
0 0.584 0.878 0.192  0.196
0 0.771875 0.146875 0.13020833333333334  0.13125
0 0.10416666666666667 0.871875 0.16354166666666667  0.15416666666666667
2 0.521875 0.9333333333333333 0.115625  0.115625
2 0.30520833333333336 0.225 0.20729166666666668  0.20729166666666668
0 0.115625 0.553125 0.08541666666666667  0.08854166666666667
2 0.6895833333333333 0.38125 0.33229166666666665  0.33229166666666665
