0 0.246 0.66 0.108  0.112
1 0.696 0.298 0.198  0.198
1 0.618 0.364 0.266  0.266
1 0.226 0.556 0.094  0.094
0 0.326 0.222 0.256  0.278
1 0.416 0.558 0.158  0.158
1 0.11770833333333333 0.35208333333333336 0.11354166666666667  0.11354166666666667
1 0.209375 0.684375 0.11770833333333333  0.11770833333333333
2 0.3333333333333333 0.5572916666666666 0.390625  0.390625
2 0.325 0.5479166666666667 0.32395833333333335  0.32395833333333335
2 0.6572916666666667 0.2 0.165625  0.165625
2 0.684375 0.3333333333333333 0.271875  0.271875
