0 0.276 0.334 0.236  0.248
2 0.502 0.728 0.394  0.394
0 0.782 0.204 0.228  0.26
0 0.256 0.8 0.212  0.2
2 0.294 0.368 0.13  0.13
2 0.308 0.82 0.136  0.136
0 0.35520833333333335 0.6760416666666667 0.2760416666666667  0.27395833333333336
0 0.27395833333333336 0.42291666666666666 0.3375  0.30520833333333336
0 0.9291666666666667 0.15104166666666666 0.096875  0.09479166666666666
0 0.75625 0.24166666666666667 0.11041666666666666  0.12083333333333333
1 0.753125 0.49375 0.31354166666666666  0.31354166666666666
