0 0.224 0.65 0.19  0.198
1 0.128 0.874 0.134  0.134
1 0.748 0.252 0.102  0.102
0 0.486 0.216 0.156  0.176
2 0.87 0.58 0.202  0.202
1 0.73125 0.178125 0.26145833333333335  0.26145833333333335
1 0.7645833333333333 0.13645833333333332 0.09479166666666666  0.09479166666666666
1 0.11041666666666666 0.865625 0.12395833333333334  0.12395833333333334
2 0.5927083333333333 0.503125 0.384375  0.384375
1 0.4552083333333333 0.7125 0.30104166666666665  0.30104166666666665
0 0.534375 0.14895833333333333 0.159375  0.16458333333333333
