0 0.17 0.388 0.096  0.088
2 0.442 0.792 0.254  0.254
0 0.294 0.848 0.17  0.172
0 0.292 0.44 0.206  0.224
2 0.32 0.31 0.118  0.118
1 0.072 0.436 0.126  0.126
2 0.24583333333333332 0.12291666666666666 0.21354166666666666  0.21354166666666666
0 0.24270833333333333 0.271875 0.26875  0.23645833333333333
0 0.4322916666666667 0.496875 0.22083333333333333  0.203125
1 0.5791666666666667 0.675 0.10729166666666666  0.10729166666666666
1 0.6083333333333333 0.7520833333333333 0.26145833333333335  0.26145833333333335
2 0.5989583333333334 0.3145833333333333 0.390625  0.390625
