1 0.738 0.64 0.318  0.318
1 0.41 0.54 0.318  0.318
2 0.664 0.478 0.238  0.238
1 0.726 0.838 0.246  0.246
1 0.526 0.712 0.182  0.182
2 0.708 0.634 0.318  0.318
2 0.22291666666666668 0.8416666666666667 0.128125  0.128125
0 0.46770833333333334 0.32708333333333334 0.3020833333333333  0.31354166666666666
0 0.46041666666666664 0.32916666666666666 0.08958333333333333  0.08854166666666667
1 0.5572916666666666 0.671875 0.21979166666666666  0.21979166666666666
1 0.21041666666666667 0.4354166666666667 0.28020833333333334  0.28020833333333334
