2 0.35 0.38 0.19  0.19
1 0.326 0.37 0.326  0.326
0 0.564 0.798 0.198  0.186
2 0.122 0.256 0.21  0.21
1 0.71875 0.34791666666666665 0.19479166666666667  0.19479166666666667
2 0.44583333333333336 0.546875 0.37604166666666666  0.37604166666666666
1 0.540625 0.44895833333333335 0.28854166666666664  0.28854166666666664
1 0.6645833333333333 0.5791666666666667 0.115625  0.115625
1 0.4739583333333333 0.39791666666666664 0.08229166666666667  0.08229166666666667
1 0.3645833333333333 0.6333333333333333 0.31979166666666664  0.31979166666666664
