2 0.404 0.168 0.202  0.202
1 0.864 0.36 0.194  0.194
0 0.62 0.404 0.242  0.23
2 0.104 0.922 0.102  0.102
0 0.7854166666666667 0.2604166666666667 0.3104166666666667  0.33541666666666664
2 0.20208333333333334 0.39791666666666664 0.14895833333333333  0.14895833333333333
1 0.71875 0.38645833333333335 0.278125  0.278125
0 0.7697916666666667 0.6385416666666667 0.23125  0.21041666666666667
0 0.771875 0.38333333333333336 0.16145833333333334  0.171875
1 0.4708333333333333 0.31979166666666664 0.38645833333333335  0.38645833333333335
