0 0.334 0.438 0.262  0.234
2 0.208 0.736 0.194  0.194
0 0.298 0.902 0.154  0.144
2 0.124 0.408 0.19  0.19
0 0.7802083333333333 0.56875 0.2916666666666667  0.2916666666666667
2 0.6145833333333334 0.46979166666666666 0.22395833333333334  0.22395833333333334
0 0.471875 0.7114583333333333 0.24270833333333333  0.2520833333333333
1 0.29270833333333335 0.25 0.14479166666666668  0.14479166666666668
0 0.78125 0.625 0.20416666666666666  0.23645833333333333
1 0.6458333333333334 0.4895833333333333 0.3072916666666667  0.3072916666666667
