0 0.124 0.696 0.11  0.102
2 0.466 0.758 0.102  0.102
1 0.408 0.406 0.19  0.19
0 0.596 0.824 0.25  0.236
1 0.30104166666666665 0.5177083333333333 0.25104166666666666  0.25104166666666666
1 0.5239583333333333 0.18958333333333333 0.26145833333333335  0.26145833333333335
2 0.5052083333333334 0.58125 0.20520833333333333  0.20520833333333333
2 0.6 0.6114583333333333 0.19895833333333332  0.19895833333333332
0 0.25833333333333336 0.49270833333333336 0.2947916666666667  0.3333333333333333
0 0.6020833333333333 0.14479166666666668 0.24895833333333334  0.22916666666666666
