1 0.698 0.88 0.21  0.21
1 0.346 0.894 0.146  0.146
0 0.118 0.228 0.102  0.114
0 0.546 0.548 0.108  0.108
0 0.06 0.32 0.084  0.088
2 0.236 0.58 0.302  0.302
0 0.6302083333333334 0.33958333333333335 0.253125  0.290625
0 0.3885416666666667 0.65 0.296875  0.3020833333333333
1 0.41041666666666665 0.31145833333333334 0.09270833333333334  0.09270833333333334
2 0.6395833333333333 0.2833333333333333 0.27395833333333336  0.27395833333333336
0 0.6958333333333333 0.9416666666666667 0.09166666666666666  0.08854166666666667
0 0.49895833333333334 0.42291666666666666 0.27291666666666664  0.2375
