1 0.894 0.42 0.158  0.158
2 0.26 0.256 0.138  0.138
0 0.75 0.776 0.184  0.198
1 0.222 0.418 0.33  0.33
2 0.2 0.468 0.202  0.202
1 0.41 0.812 0.086  0.086
2 0.502 0.404 0.31  0.31
2 0.42083333333333334 0.8166666666666667 0.27395833333333336  0.27395833333333336
2 0.5614583333333333 0.26666666666666666 0.18854166666666666  0.18854166666666666
1 0.8875 0.165625 0.16979166666666667  0.16979166666666667
1 0.6447916666666667 0.44375 0.10729166666666666  0.10729166666666666
0 0.6072916666666667 0.20208333333333334 0.196875  0.18125
