2 0.174 0.76 0.146  0.146
2 0.73 0.158 0.122  0.122
2 0.798 0.662 0.102  0.102
1 0.548 0.298 0.098  0.098
0 0.422 0.15 0.106  0.102
0 0.346 0.37 0.27  0.288
1 0.584375 0.20104166666666667 0.2635416666666667  0.2635416666666667
0 0.13229166666666667 0.11041666666666666 0.096875  0.09479166666666666
1 0.11770833333333333 0.8791666666666667 0.228125  0.228125
0 0.44895833333333335 0.08229166666666667 0.08645833333333333  0.08333333333333333
2 0.19375 0.5041666666666667 0.20520833333333333  0.20520833333333333
0 0.3614583333333333 0.6729166666666667 0.23333333333333334  0.2375
