0 0.334 0.308 0.246  0.212
0 0.338 0.362 0.21  0.224
0 0.334 0.228 0.234  0.214
1 0.364 0.24 0.366  0.366
0 0.71 0.598 0.228  0.232
0 0.49166666666666664 0.6822916666666666 0.31875  0.3072916666666667
2 0.5395833333333333 0.6052083333333333 0.24270833333333333  0.24270833333333333
2 0.6552083333333333 0.5072916666666667 0.271875  0.271875
2 0.8135416666666667 0.375 0.22395833333333334  0.22395833333333334
0 0.26145833333333335 0.6947916666666667 0.31875  0.30416666666666664
0 0.32708333333333334 0.4427083333333333 0.23645833333333333  0.25625
