2 0.206 0.598 0.314  0.314
1 0.138 0.558 0.186  0.186
1 0.364 0.416 0.366  0.366
1 0.358 0.334 0.254  0.254
1 0.32 0.212 0.154  0.154
0 0.78125 0.2125 0.2552083333333333  0.21979166666666666
1 0.3145833333333333 0.48125 0.153125  0.153125
0 0.1 0.5604166666666667 0.115625  0.13125
2 0.12083333333333333 0.6604166666666667 0.15729166666666666  0.15729166666666666
2 0.6885416666666667 0.703125 0.38229166666666664  0.38229166666666664
1 0.41354166666666664 0.36354166666666665 0.21354166666666666  0.21354166666666666
