2 0.696 0.37 0.39  0.39
1 0.226 0.534 0.258  0.258
0 0.124 0.672 0.172  0.186
2 0.852 0.358 0.286  0.286
0 0.194 0.724 0.15  0.17
1 0.44 0.142 0.106  0.106
0 0.5458333333333333 0.5104166666666666 0.15833333333333333  0.15520833333333334
1 0.36041666666666666 0.7302083333333333 0.340625  0.340625
1 0.6947916666666667 0.840625 0.13020833333333334  0.13020833333333334
0 0.38229166666666664 0.38229166666666664 0.3177083333333333  0.33645833333333336
1 0.6791666666666667 0.6927083333333334 0.2864583333333333  0.2864583333333333
