2 0.274 0.5 0.114  0.114
2 0.464 0.83 0.262  0.262
2 0.854 0.232 0.286  0.286
1 0.508 0.184 0.106  0.106
1 0.702 0.692 0.306  0.306
1 0.416 0.562 0.274  0.274
1 0.40729166666666666 0.6822916666666666 0.28020833333333334  0.28020833333333334
2 0.415625 0.784375 0.34479166666666666  0.34479166666666666
0 0.3645833333333333 0.5104166666666666 0.2875  0.3072916666666667
0 0.21979166666666666 0.19166666666666668 0.27708333333333335  0.27708333333333335
1 0.7927083333333333 0.5197916666666667 0.23958333333333334  0.23958333333333334
