1 0.794 0.24 0.262  0.262
0 0.47 0.406 0.13  0.122
0 0.91 0.306 0.108  0.094
1 0.366 0.48 0.366  0.366
0 0.186 0.674 0.226  0.248
2 0.815625 0.42083333333333334 0.23645833333333333  0.23645833333333333
2 0.32395833333333335 0.34791666666666665 0.27395833333333336  0.27395833333333336
2 0.78125 0.775 0.31145833333333334  0.31145833333333334
1 0.6697916666666667 0.6770833333333334 0.353125  0.353125
2 0.4895833333333333 0.421875 0.31979166666666664  0.31979166666666664
1 0.4197916666666667 0.43645833333333334 0.10104166666666667  0.10104166666666667
