0 0.448 0.346 0.28  0.274
1 0.654 0.686 0.254  0.254
1 0.442 0.6 0.186  0.186
1 0.232 0.416 0.314  0.314
1 0.502 0.598 0.154  0.154
0 0.83125 0.43125 0.21979166666666666  0.21041666666666667
1 0.31354166666666666 0.23229166666666667 0.3614583333333333  0.3614583333333333
0 0.48333333333333334 0.7208333333333333 0.2552083333333333  0.26875
0 0.6791666666666667 0.515625 0.24166666666666667  0.25416666666666665
0 0.20208333333333334 0.475 0.08854166666666667  0.08541666666666667
0 0.76875 0.6947916666666667 0.2947916666666667  0.27708333333333335
