2 0.564 0.278 0.334  0.334
1 0.614 0.648 0.29  0.29
0 0.472 0.21 0.164  0.18
0 0.326 0.728 0.22  0.25
2 0.322 0.334 0.322  0.322
0 0.272 0.618 0.316  0.336
2 0.56875 0.6072916666666667 0.18020833333333333  0.18020833333333333
2 0.7135416666666666 0.36666666666666664 0.1375  0.1375
0 0.6145833333333334 0.734375 0.13958333333333334  0.13958333333333334
2 0.7260416666666667 0.3697916666666667 0.13645833333333332  0.13645833333333332
0 0.9125 0.575 0.0875  0.08645833333333333
2 0.3572916666666667 0.5635416666666667 0.334375  0.334375
