2 0.098 0.348 0.154  0.154
0 0.768 0.402 0.24  0.234
2 0.736 0.656 0.226  0.226
2 0.198 0.184 0.326  0.326
1 0.114 0.51 0.13  0.13
2 0.40208333333333335 0.39479166666666665 0.271875  0.271875
0 0.3145833333333333 0.228125 0.103125  0.11979166666666667
1 0.46145833333333336 0.303125 0.21354166666666666  0.21354166666666666
2 0.13958333333333334 0.6791666666666667 0.271875  0.271875
0 0.8354166666666667 0.11770833333333333 0.18645833333333334  0.19791666666666666
2 0.571875 0.415625 0.2125  0.2125
