1 0.924 0.49 0.106  0.106
2 0.204 0.806 0.37  0.37
2 0.254 0.592 0.394  0.394
0 0.468 0.228 0.242  0.232
1 0.802 0.286 0.298  0.298
1 0.12395833333333334 0.30520833333333336 0.090625  0.090625
0 0.5697916666666667 0.42604166666666665 0.23854166666666668  0.23854166666666668
1 0.35208333333333336 0.5197916666666667 0.14270833333333333  0.14270833333333333
2 0.184375 0.375 0.196875  0.196875
2 0.3177083333333333 0.83125 0.253125  0.253125
0 0.465625 0.48020833333333335 0.0875  0.08020833333333334
