1 0.66 0.094 0.098  0.098
2 0.532 0.104 0.202  0.202
2 0.454 0.6 0.338  0.338
0 0.922 0.744 0.116  0.13
2 0.5020833333333333 0.6239583333333333 0.34270833333333334  0.34270833333333334
0 0.3541666666666667 0.15729166666666666 0.21666666666666667  0.20520833333333333
2 0.3375 0.3625 0.15729166666666666  0.15729166666666666
2 0.7947916666666667 0.590625 0.196875  0.196875
2 0.7447916666666666 0.5822916666666667 0.28854166666666664  0.28854166666666664
1 0.35833333333333334 0.35 0.184375  0.184375
