1 0.536 0.748 0.258  0.258
2 0.354 0.428 0.33  0.33
2 0.86 0.618 0.236  0.236
0 0.586 0.65 0.13  0.138
2 0.456 0.322 0.27  0.27
1 0.58 0.684 0.11  0.11
2 0.5572916666666666 0.7104166666666667 0.26145833333333335  0.26145833333333335
2 0.22604166666666667 0.3125 0.19270833333333334  0.19270833333333334
1 0.14375 0.8479166666666667 0.23645833333333333  0.23645833333333333
0 0.6114583333333333 0.5052083333333334 0.14479166666666668  0.15104166666666666
2 0.6854166666666667 0.6385416666666667 0.3614583333333333  0.3614583333333333
1 0.8447916666666667 0.32083333333333336 0.190625  0.190625
