1 0.556 0.764 0.314  0.314
1 0.718 0.188 0.19  0.19
1 0.578 0.81 0.29  0.29
1 0.432 0.778 0.202  0.202
0 0.59 0.848 0.108  0.116
2 0.796 0.612 0.378  0.378
1 0.39791666666666664 0.284375 0.35520833333333335  0.35520833333333335
1 0.2760416666666667 0.38125 0.36354166666666665  0.36354166666666665
0 0.9229166666666667 0.9020833333333333 0.08333333333333333  0.08645833333333333
1 0.40729166666666666 0.15208333333333332 0.25104166666666666  0.25104166666666666
1 0.559375 0.5989583333333334 0.3572916666666667  0.3572916666666667
1 0.315625 0.05520833333333333 0.10104166666666667  0.10104166666666667
