1 0.304 0.358 0.182  0.182
1 0.776 0.146 0.138  0.138
2 0.398 0.616 0.346  0.346
0 0.146 0.89 0.146  0.142
1 0.498 0.632 0.39  0.39
0 0.884 0.206 0.158  0.158
0 0.64375 0.36041666666666666 0.32083333333333336  0.32708333333333334
1 0.6 0.39791666666666664 0.303125  0.303125
1 0.28958333333333336 0.525 0.18645833333333334  0.18645833333333334
2 0.7635416666666667 0.66875 0.278125  0.278125
0 0.6958333333333333 0.26979166666666665 0.10833333333333334  0.09375
0 0.7645833333333333 0.5479166666666667 0.16770833333333332  0.15208333333333332
