1 0.454 0.774 0.126  0.126
2 0.87 0.746 0.226  0.226
2 0.164 0.26 0.156  0.156
0 0.394 0.48 0.116  0.11
0 0.2 0.82 0.126  0.134
0 0.666 0.698 0.342  0.316
1 0.08020833333333334 0.5854166666666667 0.11979166666666667  0.11979166666666667
1 0.24583333333333332 0.51875 0.26145833333333335  0.26145833333333335
0 0.515625 0.196875 0.159375  0.15
1 0.659375 0.24479166666666666 0.36354166666666665  0.36354166666666665
0 0.75 0.4947916666666667 0.2833333333333333  0.26875
2 0.6375 0.725 0.3614583333333333  0.3614583333333333
