2 0.672 0.834 0.314  0.314
1 0.484 0.784 0.102  0.102
0 0.482 0.754 0.29  0.284
1 0.486 0.294 0.274  0.274
0 0.684 0.272 0.136  0.118
2 0.29 0.682 0.366  0.366
0 0.5979166666666667 0.703125 0.28541666666666665  0.2625
0 0.8833333333333333 0.434375 0.10833333333333334  0.103125
0 0.5114583333333333 0.4510416666666667 0.325  0.30520833333333336
0 0.875 0.15833333333333333 0.09375  0.084375
0 0.4583333333333333 0.5364583333333334 0.23229166666666667  0.2625
2 0.275 0.6447916666666667 0.27395833333333336  0.27395833333333336
