2 0.306 0.328 0.206  0.206
0 0.718 0.496 0.178  0.176
2 0.568 0.592 0.166  0.166
1 0.438 0.422 0.354  0.354
0 0.536 0.384 0.172  0.168
0 0.534375 0.6166666666666667 0.26979166666666665  0.28541666666666665
2 0.6333333333333333 0.7802083333333333 0.22395833333333334  0.22395833333333334
1 0.2833333333333333 0.59375 0.14895833333333333  0.14895833333333333
0 0.5875 0.7354166666666667 0.16666666666666666  0.14895833333333333
1 0.48125 0.6520833333333333 0.378125  0.378125
2 0.6916666666666667 0.478125 0.36770833333333336  0.36770833333333336
