1 0.208 0.574 0.282  0.282
1 0.438 0.618 0.246  0.246
1 0.112 0.326 0.132  0.132
2 0.554 0.28 0.326  0.326
0 0.282 0.678 0.326  0.304
0 0.216 0.188 0.084  0.084
2 0.11041666666666666 0.6041666666666666 0.14479166666666668  0.14479166666666668
1 0.5927083333333333 0.6854166666666667 0.196875  0.196875
1 0.06666666666666667 0.6864583333333333 0.11354166666666667  0.11354166666666667
2 0.8041666666666667 0.7520833333333333 0.14895833333333333  0.14895833333333333
1 0.8614583333333333 0.203125 0.140625  0.140625
2 0.7458333333333333 0.3385416666666667 0.18229166666666666  0.18229166666666666
