0 0.83 0.278 0.216  0.186
2 0.802 0.762 0.234  0.234
2 0.932 0.06 0.118  0.118
0 0.782 0.262 0.314  0.282
2 0.496 0.578 0.334  0.334
1 0.518 0.148 0.21  0.21
2 0.8125 0.7020833333333333 0.334375  0.334375
2 0.8833333333333333 0.903125 0.10104166666666667  0.10104166666666667
1 0.6166666666666667 0.4791666666666667 0.20104166666666667  0.20104166666666667
2 0.18854166666666666 0.409375 0.10729166666666666  0.10729166666666666
1 0.171875 0.45729166666666665 0.08229166666666667  0.08229166666666667
