0 0.552 0.682 0.174  0.18
0 0.462 0.592 0.208  0.212
2 0.142 0.418 0.194  0.194
0 0.616 0.258 0.15  0.142
0 0.574 0.492 0.136  0.156
1 0.3302083333333333 0.4875 0.3489583333333333  0.3489583333333333
1 0.7916666666666666 0.20416666666666666 0.22604166666666667  0.22604166666666667
1 0.4166666666666667 0.80625 0.253125  0.253125
2 0.08854166666666667 0.24479166666666666 0.14270833333333333  0.14270833333333333
1 0.3177083333333333 0.325 0.309375  0.309375
2 0.7875 0.39479166666666665 0.28020833333333334  0.28020833333333334
