2 0.282 0.848 0.218  0.218
1 0.522 0.364 0.242  0.242
0 0.8 0.746 0.196  0.21
2 0.426 0.49 0.394  0.394
1 0.69 0.382 0.246  0.246
1 0.272 0.244 0.178  0.178
0 0.2833333333333333 0.3125 0.12395833333333334  0.11875
1 0.7166666666666667 0.23854166666666668 0.28229166666666666  0.28229166666666666
2 0.7635416666666667 0.3645833333333333 0.31354166666666666  0.31354166666666666
2 0.5447916666666667 0.484375 0.33229166666666665  0.33229166666666665
0 0.39166666666666666 0.634375 0.315625  0.290625
0 0.4270833333333333 0.7822916666666667 0.334375  0.321875
