2 0.526 0.766 0.222  0.222
0 0.208 0.604 0.248  0.254
0 0.432 0.834 0.256  0.27
2 0.196 0.216 0.122  0.122
2 0.592 0.468 0.37  0.37
0 0.29270833333333335 0.709375 0.23020833333333332  0.2635416666666667
0 0.2 0.515625 0.175  0.19895833333333332
2 0.44166666666666665 0.29583333333333334 0.2677083333333333  0.2677083333333333
0 0.246875 0.8572916666666667 0.11666666666666667  0.1125
2 0.15520833333333334 0.215625 0.19270833333333334  0.19270833333333334
2 0.25833333333333336 0.09791666666666667 0.16145833333333334  0.16145833333333334
