1 0.268 0.598 0.126  0.126
1 0.772 0.654 0.354  0.354
2 0.782 0.254 0.19  0.19
1 0.344 0.178 0.142  0.142
1 0.222 0.936 0.078  0.078
2 0.316 0.378 0.29  0.29
1 0.31875 0.27708333333333335 0.35520833333333335  0.35520833333333335
2 0.33645833333333336 0.85 0.16979166666666667  0.16979166666666667
2 0.7072916666666667 0.840625 0.21354166666666666  0.21354166666666666
1 0.5770833333333333 0.8427083333333333 0.08645833333333333  0.08645833333333333
1 0.7677083333333333 0.41458333333333336 0.234375  0.234375
1 0.33958333333333335 0.5052083333333334 0.3072916666666667  0.3072916666666667
