0 0.232 0.68 0.292  0.328
0 0.45 0.228 0.32  0.3
2 0.304 0.47 0.394  0.394
1 0.766 0.518 0.302  0.302
2 0.6947916666666667 0.5416666666666666 0.31145833333333334  0.31145833333333334
1 0.38229166666666664 0.5489583333333333 0.29270833333333335  0.29270833333333335
2 0.346875 0.240625 0.23854166666666668  0.23854166666666668
0 0.7333333333333333 0.17916666666666667 0.28854166666666664  0.25416666666666665
2 0.83125 0.20625 0.26145833333333335  0.26145833333333335
0 0.42604166666666665 0.70625 0.259375  0.246875
