0 0.14 0.864 0.216  0.202
0 0.728 0.226 0.102  0.118
2 0.396 0.604 0.15  0.15
1 0.182 0.804 0.302  0.302
0 0.554 0.24 0.182  0.204
0 0.528 0.434 0.316  0.336
2 0.34479166666666666 0.24270833333333333 0.27395833333333336  0.27395833333333336
0 0.5895833333333333 0.4041666666666667 0.08125  0.09375
0 0.184375 0.540625 0.09479166666666666  0.10625
2 0.39479166666666665 0.3697916666666667 0.365625  0.365625
2 0.38645833333333335 0.6385416666666667 0.33645833333333336  0.33645833333333336
0 0.4510416666666667 0.5104166666666666 0.203125  0.22291666666666668
