0 0.822 0.39 0.248  0.258
1 0.472 0.164 0.126  0.126
0 0.806 0.492 0.176  0.16
1 0.52 0.354 0.23  0.23
1 0.622 0.552 0.106  0.106
0 0.632 0.276 0.226  0.244
0 0.7260416666666667 0.6989583333333333 0.13958333333333334  0.15833333333333333
2 0.134375 0.11770833333333333 0.13854166666666667  0.13854166666666667
0 0.5885416666666666 0.46041666666666664 0.24270833333333333  0.22083333333333333
2 0.5395833333333333 0.26875 0.12604166666666666  0.12604166666666666
1 0.7041666666666667 0.4083333333333333 0.18229166666666666  0.18229166666666666
1 0.4239583333333333 0.9020833333333333 0.11145833333333334  0.11145833333333334
