2 0.46 0.426 0.218  0.218
1 0.588 0.446 0.322  0.322
2 0.482 0.7 0.382  0.382
2 0.538 0.12 0.194  0.194
2 0.178125 0.23541666666666666 0.14895833333333333  0.14895833333333333
1 0.5822916666666667 0.6708333333333333 0.20729166666666668  0.20729166666666668
0 0.8302083333333333 0.8583333333333333 0.12291666666666666  0.11041666666666666
2 0.7177083333333333 0.5979166666666667 0.16979166666666667  0.16979166666666667
1 0.2791666666666667 0.89375 0.09270833333333334  0.09270833333333334
2 0.6895833333333333 0.18958333333333333 0.28229166666666666  0.28229166666666666
