0 0.398 0.694 0.188  0.176
1 0.168 0.578 0.138  0.138
2 0.134 0.462 0.154  0.154
0 0.334 0.698 0.184  0.178
1 0.564 0.42 0.27  0.27
1 0.33125 0.7291666666666666 0.17395833333333333  0.17395833333333333
2 0.22083333333333333 0.5239583333333333 0.15520833333333334  0.15520833333333334
2 0.28125 0.5322916666666667 0.35520833333333335  0.35520833333333335
1 0.565625 0.690625 0.20729166666666668  0.20729166666666668
2 0.7364583333333333 0.6427083333333333 0.215625  0.215625
0 0.7739583333333333 0.2947916666666667 0.17604166666666668  0.17916666666666667
