2 0.42 0.19 0.25  0.25
1 0.642 0.824 0.142  0.142
1 0.7 0.834 0.162  0.162
2 0.318 0.526 0.246  0.246
0 0.5083333333333333 0.7333333333333333 0.09479166666666666  0.09270833333333334
0 0.21875 0.23333333333333334 0.3302083333333333  0.325
2 0.5010416666666667 0.571875 0.09895833333333333  0.09895833333333333
1 0.6979166666666666 0.22604166666666667 0.115625  0.115625
0 0.534375 0.20833333333333334 0.16979166666666667  0.17708333333333334
2 0.5666666666666667 0.42083333333333334 0.284375  0.284375
