1 0.71 0.33 0.31  0.31
1 0.696 0.334 0.214  0.214
0 0.708 0.268 0.332  0.312
0 0.264 0.612 0.238  0.218
1 0.634 0.702 0.266  0.266
0 0.11145833333333334 0.4479166666666667 0.13020833333333334  0.12395833333333334
0 0.36770833333333336 0.859375 0.16979166666666667  0.16770833333333332
1 0.609375 0.44895833333333335 0.215625  0.215625
0 0.28229166666666666 0.18541666666666667 0.14479166666666668  0.14791666666666667
1 0.6604166666666667 0.06770833333333333 0.109375  0.109375
0 0.6302083333333334 0.3229166666666667 0.11979166666666667  0.1125
1 0.5739583333333333 0.6635416666666667 0.203125  0.203125
