1 0.718 0.68 0.146  0.146
0 0.414 0.578 0.304  0.334
0 0.788 0.434 0.344  0.304
1 0.114 0.472 0.15  0.15
1 0.578125 0.6020833333333333 0.10729166666666666  0.10729166666666666
1 0.15833333333333333 0.3729166666666667 0.17395833333333333  0.17395833333333333
1 0.45208333333333334 0.39166666666666666 0.20520833333333333  0.20520833333333333
0 0.6916666666666667 0.23854166666666668 0.0875  0.08229166666666667
1 0.2791666666666667 0.44895833333333335 0.159375  0.159375
2 0.5489583333333333 0.6197916666666666 0.178125  0.178125
