0 0.102 0.2 0.12  0.12
2 0.818 0.26 0.23  0.23
1 0.434 0.158 0.202  0.202
2 0.798 0.738 0.314  0.314
1 0.75 0.854 0.218  0.218
0 0.39 0.472 0.234  0.254
1 0.8239583333333333 0.7395833333333334 0.19479166666666667  0.19479166666666667
0 0.3854166666666667 0.16979166666666667 0.24791666666666667  0.23854166666666668
2 0.21979166666666666 0.8239583333333333 0.24479166666666666  0.24479166666666666
2 0.7208333333333333 0.68125 0.3625  0.3625
0 0.7989583333333333 0.7666666666666667 0.278125  0.253125
1 0.296875 0.209375 0.14270833333333333  0.14270833333333333
