2 0.636 0.572 0.378  0.378
0 0.402 0.166 0.254  0.262
1 0.434 0.812 0.23  0.23
2 0.334 0.398 0.368  0.368
1 0.168 0.56 0.126  0.126
2 0.624 0.438 0.306  0.306
2 0.454 0.684 0.226  0.226
1 0.21 0.656 0.262  0.262
2 0.109375 0.8875 0.12395833333333334  0.12395833333333334
2 0.6208333333333333 0.5697916666666667 0.2760416666666667  0.2760416666666667
1 0.4510416666666667 0.48854166666666665 0.25104166666666666  0.25104166666666666
0 0.6854166666666667 0.2760416666666667 0.18020833333333333  0.2
0 0.7395833333333334 0.7770833333333333 0.159375  0.14895833333333333
