0 0.44 0.476 0.324  0.324
0 0.44 0.152 0.178  0.172
1 0.85 0.314 0.162  0.162
0 0.344 0.888 0.112  0.124
1 0.36 0.814 0.138  0.138
0 0.30625 0.471875 0.340625  0.2947916666666667
1 0.6125 0.4552083333333333 0.36770833333333336  0.36770833333333336
0 0.10625 0.7947916666666667 0.13958333333333334  0.134375
0 0.24791666666666667 0.43854166666666666 0.24791666666666667  0.228125
0 0.17083333333333334 0.7458333333333333 0.22708333333333333  0.2125
2 0.7885416666666667 0.3770833333333333 0.3614583333333333  0.3614583333333333
