1 0.734375 0.35104166666666664 0.18854166666666666  0.18854166666666666
1 0.7541666666666667 0.6875 0.2635416666666667  0.2635416666666667
1 0.715625 0.6166666666666667 0.31354166666666666  0.31354166666666666
2 0.8645833333333334 0.215625 0.203125  0.203125
2 0.784375 0.42604166666666665 0.234375  0.234375
1 0.18020833333333333 0.27395833333333336 0.178125  0.178125
2 0.215625 0.8385416666666666 0.23854166666666668  0.23854166666666668
0 0.9302083333333333 0.140625 0.115625  0.10833333333333334
2 0.6958333333333333 0.665625 0.396875  0.396875
2 0.33229166666666665 0.49375 0.353125  0.353125
