2 0.37395833333333334 0.23958333333333334 0.184375  0.184375
2 0.3802083333333333 0.49583333333333335 0.31354166666666666  0.31354166666666666
0 0.7125 0.30625 0.25  0.28020833333333334
1 0.19583333333333333 0.5802083333333333 0.12395833333333334  0.12395833333333334
0 0.8125 0.7739583333333333 0.215625  0.23020833333333332
0 0.33958333333333335 0.2677083333333333 0.171875  0.19895833333333332
1 0.24166666666666667 0.4552083333333333 0.371875  0.371875
0 0.53125 0.15729166666666666 0.21145833333333333  0.18333333333333332
1 0.7895833333333333 0.25416666666666665 0.31145833333333334  0.31145833333333334
0 0.5791666666666667 0.421875 0.253125  0.228125
