0 0.325 0.7677083333333333 0.246875  0.22395833333333334
2 0.315625 0.6197916666666666 0.31354166666666666  0.31354166666666666
1 0.16458333333333333 0.45729166666666665 0.196875  0.196875
0 0.5958333333333333 0.26666666666666666 0.2635416666666667  0.22916666666666666
1 0.8145833333333333 0.8760416666666667 0.165625  0.165625
2 0.5770833333333333 0.809375 0.36354166666666665  0.36354166666666665
0 0.90625 0.4427083333333333 0.12395833333333334  0.11041666666666666
2 0.19375 0.6239583333333333 0.2552083333333333  0.2552083333333333
2 0.43020833333333336 0.8458333333333333 0.265625  0.265625
0 0.6520833333333333 0.7489583333333333 0.15416666666666667  0.17291666666666666
