2 0.15104166666666666 0.709375 0.2864583333333333  0.2864583333333333
0 0.3177083333333333 0.24479166666666666 0.28125  0.28854166666666664
1 0.5635416666666667 0.16145833333333334 0.28854166666666664  0.28854166666666664
2 0.45729166666666665 0.16875 0.26145833333333335  0.26145833333333335
2 0.34479166666666666 0.7875 0.21145833333333333  0.21145833333333333
1 0.61875 0.159375 0.16770833333333332  0.16770833333333332
0 0.42916666666666664 0.25833333333333336 0.23541666666666666  0.22291666666666668
0 0.8614583333333333 0.65 0.13020833333333334  0.12708333333333333
0 0.24583333333333332 0.5854166666666667 0.2604166666666667  0.23958333333333334
2 0.6145833333333334 0.16354166666666667 0.215625  0.215625
