1 0.5895833333333333 0.22708333333333333 0.23645833333333333  0.23645833333333333
0 0.20833333333333334 0.778125 0.24270833333333333  0.2635416666666667
1 0.6291666666666667 0.7145833333333333 0.35104166666666664  0.35104166666666664
0 0.6354166666666666 0.303125 0.10208333333333333  0.10625
2 0.22291666666666668 0.434375 0.36354166666666665  0.36354166666666665
1 0.8479166666666667 0.35 0.09895833333333333  0.09895833333333333
1 0.7625 0.3145833333333333 0.290625  0.290625
1 0.39375 0.3416666666666667 0.20729166666666668  0.20729166666666668
0 0.7739583333333333 0.3614583333333333 0.19791666666666666  0.21979166666666666
2 0.74375 0.28125 0.390625  0.390625
