0 0.37395833333333334 0.221875 0.10520833333333333  0.103125
0 0.8520833333333333 0.4822916666666667 0.14479166666666668  0.14791666666666667
0 0.49166666666666664 0.096875 0.14270833333333333  0.13958333333333334
1 0.2947916666666667 0.83125 0.190625  0.190625
1 0.7708333333333334 0.7208333333333333 0.11145833333333334  0.11145833333333334
1 0.30520833333333336 0.5760416666666667 0.35520833333333335  0.35520833333333335
0 0.35208333333333336 0.103125 0.14375  0.12916666666666668
0 0.3177083333333333 0.5197916666666667 0.0875  0.096875
1 0.26145833333333335 0.10520833333333333 0.13854166666666667  0.13854166666666667
0 0.7947916666666667 0.5947916666666667 0.26979166666666665  0.28020833333333334
1 0.5135416666666667 0.434375 0.30104166666666665  0.30104166666666665
2 0.2947916666666667 0.36666666666666664 0.3385416666666667  0.3385416666666667
