2 0.7541666666666667 0.43020833333333336 0.203125  0.203125
1 0.6208333333333333 0.8072916666666666 0.121875  0.121875
1 0.5552083333333333 0.690625 0.3572916666666667  0.3572916666666667
2 0.51875 0.43333333333333335 0.328125  0.328125
1 0.7666666666666667 0.7260416666666667 0.31145833333333334  0.31145833333333334
2 0.18645833333333334 0.5510416666666667 0.321875  0.321875
0 0.36770833333333336 0.7354166666666667 0.20520833333333333  0.18125
2 0.4125 0.28020833333333334 0.153125  0.153125
2 0.8385416666666666 0.2791666666666667 0.16354166666666667  0.16354166666666667
0 0.7770833333333333 0.48541666666666666 0.26145833333333335  0.29375
2 0.5791666666666667 0.540625 0.28958333333333336  0.28958333333333336
2 0.23958333333333334 0.4375 0.30104166666666665  0.30104166666666665
