1 0.7770833333333333 0.24791666666666667 0.3072916666666667  0.3072916666666667
0 0.6614583333333334 0.3625 0.125  0.13229166666666667
2 0.5020833333333333 0.56875 0.30104166666666665  0.30104166666666665
2 0.43854166666666666 0.6635416666666667 0.28229166666666666  0.28229166666666666
0 0.5666666666666667 0.08020833333333334 0.10625  0.12083333333333333
1 0.2760416666666667 0.453125 0.3572916666666667  0.3572916666666667
2 0.5010416666666667 0.4822916666666667 0.340625  0.340625
2 0.3416666666666667 0.8333333333333334 0.2916666666666667  0.2916666666666667
2 0.659375 0.18333333333333332 0.14479166666666668  0.14479166666666668
0 0.271875 0.6510416666666666 0.16145833333333334  0.17916666666666667
