2 0.215625 0.484375 0.32395833333333335  0.32395833333333335
0 0.353125 0.4864583333333333 0.125  0.11666666666666667
0 0.48541666666666666 0.871875 0.19791666666666666  0.21979166666666666
0 0.2604166666666667 0.546875 0.171875  0.15833333333333333
2 0.3375 0.4635416666666667 0.253125  0.253125
0 0.178125 0.09791666666666667 0.134375  0.11979166666666667
2 0.4583333333333333 0.26979166666666665 0.121875  0.121875
1 0.7052083333333333 0.25104166666666666 0.11145833333333334  0.11145833333333334
2 0.79375 0.7208333333333333 0.39479166666666665  0.39479166666666665
1 0.5572916666666666 0.30104166666666665 0.12395833333333334  0.12395833333333334
0 0.18333333333333332 0.6989583333333333 0.190625  0.18020833333333333
2 0.240625 0.7625 0.11458333333333333  0.11458333333333333
