0 0.7666666666666667 0.8270833333333333 0.17604166666666668  0.16041666666666668
2 0.5208333333333334 0.665625 0.146875  0.146875
2 0.59375 0.8197916666666667 0.321875  0.321875
0 0.646875 0.13229166666666667 0.11145833333333334  0.128125
0 0.24479166666666666 0.8354166666666667 0.10729166666666666  0.11458333333333333
1 0.4895833333333333 0.5416666666666666 0.328125  0.328125
2 0.725 0.6145833333333334 0.115625  0.115625
0 0.23958333333333334 0.21875 0.31979166666666664  0.28854166666666664
2 0.6541666666666667 0.10833333333333334 0.16354166666666667  0.16354166666666667
2 0.19270833333333334 0.3375 0.21145833333333333  0.21145833333333333
