2 0.6552083333333333 0.5635416666666667 0.15520833333333334  0.15520833333333334
0 0.3104166666666667 0.9083333333333333 0.125  0.12604166666666666
2 0.31354166666666666 0.30520833333333336 0.340625  0.340625
0 0.328125 0.6572916666666667 0.2625  0.240625
0 0.18645833333333334 0.465625 0.2864583333333333  0.265625
2 0.7 0.41041666666666665 0.140625  0.140625
1 0.7 0.428125 0.321875  0.321875
0 0.6291666666666667 0.7541666666666667 0.18854166666666666  0.190625
2 0.6854166666666667 0.41458333333333336 0.259375  0.259375
0 0.25729166666666664 0.2947916666666667 0.25729166666666664  0.28229166666666666
0 0.35104166666666664 0.7229166666666667 0.25  0.28854166666666664
0 0.31666666666666665 0.5770833333333333 0.13645833333333332  0.14166666666666666
