0 0.6625 0.8572916666666667 0.19895833333333332  0.21875
1 0.7770833333333333 0.296875 0.20104166666666667  0.20104166666666667
2 0.8864583333333333 0.18229166666666666 0.12395833333333334  0.12395833333333334
0 0.24375 0.65625 0.2947916666666667  0.3385416666666667
0 0.7145833333333333 0.13541666666666666 0.18854166666666666  0.178125
1 0.8052083333333333 0.22916666666666666 0.18229166666666666  0.18229166666666666
2 0.49583333333333335 0.15 0.11145833333333334  0.11145833333333334
0 0.8489583333333334 0.20416666666666666 0.12395833333333334  0.1125
1 0.6447916666666667 0.78125 0.24270833333333333  0.24270833333333333
1 0.6333333333333333 0.696875 0.3260416666666667  0.3260416666666667
2 0.5552083333333333 0.20833333333333334 0.2635416666666667  0.2635416666666667
2 0.846875 0.34791666666666665 0.215625  0.215625
