1 0.5354166666666667 0.7739583333333333 0.35104166666666664  0.35104166666666664
1 0.32083333333333336 0.33645833333333336 0.2552083333333333  0.2552083333333333
2 0.14583333333333334 0.33958333333333335 0.278125  0.278125
0 0.45416666666666666 0.4354166666666667 0.325  0.2989583333333333
2 0.42291666666666666 0.759375 0.25104166666666666  0.25104166666666666
2 0.459375 0.315625 0.11354166666666667  0.11354166666666667
2 0.090625 0.753125 0.14895833333333333  0.14895833333333333
0 0.246875 0.8125 0.178125  0.16458333333333333
0 0.18020833333333333 0.5822916666666667 0.10208333333333333  0.10208333333333333
1 0.1625 0.665625 0.17395833333333333  0.17395833333333333
2 0.290625 0.54375 0.27395833333333336  0.27395833333333336
2 0.6572916666666667 0.4197916666666667 0.3885416666666667  0.3885416666666667
