1 0.490625 0.5260416666666666 0.21770833333333334  0.21770833333333334
1 0.365625 0.584375 0.31145833333333334  0.31145833333333334
0 0.6895833333333333 0.6489583333333333 0.11770833333333333  0.125
1 0.3489583333333333 0.66875 0.31354166666666666  0.31354166666666666
2 0.834375 0.6635416666666667 0.31145833333333334  0.31145833333333334
2 0.471875 0.31145833333333334 0.178125  0.178125
2 0.81875 0.634375 0.34479166666666666  0.34479166666666666
0 0.675 0.64375 0.10208333333333333  0.1
1 0.4114583333333333 0.5510416666666667 0.28229166666666666  0.28229166666666666
2 0.39375 0.7458333333333333 0.128125  0.128125
2 0.1125 0.215625 0.13020833333333334  0.13020833333333334
