2 0.6541666666666667 0.8052083333333333 0.265625  0.265625
2 0.5833333333333334 0.5302083333333333 0.14895833333333333  0.14895833333333333
0 0.78125 0.6885416666666667 0.284375  0.309375
1 0.48020833333333335 0.31145833333333334 0.20729166666666668  0.20729166666666668
2 0.76875 0.29583333333333334 0.36041666666666666  0.36041666666666666
0 0.7322916666666667 0.8135416666666667 0.153125  0.1375
0 0.3385416666666667 0.40729166666666666 0.30833333333333335  0.3416666666666667
0 0.3958333333333333 0.765625 0.33541666666666664  0.3104166666666667
0 0.290625 0.31666666666666665 0.228125  0.23958333333333334
2 0.32083333333333336 0.22395833333333334 0.12395833333333334  0.12395833333333334
