2 0.41458333333333336 0.20833333333333334 0.33645833333333336  0.33645833333333336
2 0.5333333333333333 0.6052083333333333 0.284375  0.284375
1 0.6229166666666667 0.7854166666666667 0.28020833333333334  0.28020833333333334
2 0.8447916666666667 0.5739583333333333 0.22604166666666667  0.22604166666666667
0 0.85625 0.4864583333333333 0.23125  0.21458333333333332
0 0.50625 0.721875 0.13125  0.14166666666666666
2 0.740625 0.1625 0.265625  0.265625
2 0.66875 0.7114583333333333 0.16145833333333334  0.16145833333333334
0 0.78125 0.403125 0.10625  0.11875
0 0.3697916666666667 0.5833333333333334 0.303125  0.33229166666666665
