0 0.840625 0.38958333333333334 0.18333333333333332  0.19895833333333332
2 0.5322916666666667 0.6677083333333333 0.23229166666666667  0.23229166666666667
2 0.8197916666666667 0.20625 0.23020833333333332  0.23020833333333332
2 0.4552083333333333 0.17604166666666668 0.178125  0.178125
2 0.4947916666666667 0.49166666666666664 0.39479166666666665  0.39479166666666665
1 0.5854166666666667 0.3333333333333333 0.159375  0.159375
0 0.8864583333333333 0.4270833333333333 0.14270833333333333  0.13541666666666666
1 0.571875 0.37395833333333334 0.221875  0.221875
1 0.4552083333333333 0.2708333333333333 0.24895833333333334  0.24895833333333334
1 0.6104166666666667 0.384375 0.328125  0.328125
1 0.46875 0.6677083333333333 0.3072916666666667  0.3072916666666667
