1 0.43125 0.6760416666666667 0.11770833333333333  0.11770833333333333
1 0.7010416666666667 0.19375 0.23854166666666668  0.23854166666666668
0 0.50625 0.27708333333333335 0.31875  0.29583333333333334
2 0.3489583333333333 0.15729166666666666 0.10104166666666667  0.10104166666666667
2 0.23333333333333334 0.7927083333333333 0.390625  0.390625
2 0.4822916666666667 0.609375 0.390625  0.390625
0 0.6260416666666667 0.4708333333333333 0.11875  0.12083333333333333
1 0.18541666666666667 0.34270833333333334 0.140625  0.140625
2 0.38333333333333336 0.375 0.39479166666666665  0.39479166666666665
0 0.715625 0.3614583333333333 0.32916666666666666  0.31145833333333334
