1 0.27395833333333336 0.684375 0.115625  0.115625
1 0.8114583333333333 0.8416666666666667 0.18229166666666666  0.18229166666666666
1 0.8291666666666667 0.5229166666666667 0.203125  0.203125
1 0.49166666666666664 0.625 0.31145833333333334  0.31145833333333334
0 0.30520833333333336 0.5208333333333334 0.22604166666666667  0.24583333333333332
2 0.6854166666666667 0.6052083333333333 0.10208333333333333  0.10208333333333333
2 0.8010416666666667 0.6958333333333333 0.35104166666666664  0.35104166666666664
2 0.259375 0.4354166666666667 0.13020833333333334  0.13020833333333334
2 0.8197916666666667 0.49375 0.3177083333333333  0.3177083333333333
0 0.7114583333333333 0.625 0.2989583333333333  0.325
0 0.8125 0.7947916666666667 0.29270833333333335  0.3104166666666667
2 0.35104166666666664 0.621875 0.3614583333333333  0.3614583333333333
