0 0.22291666666666668 0.13854166666666667 0.20520833333333333  0.19479166666666667
2 0.6114583333333333 0.6614583333333334 0.146875  0.146875
1 0.475 0.5864583333333333 0.290625  0.290625
2 0.53125 0.7947916666666667 0.359375  0.359375
2 0.48854166666666665 0.6052083333333333 0.30416666666666664  0.30416666666666664
0 0.3958333333333333 0.18229166666666666 0.25104166666666666  0.2635416666666667
1 0.359375 0.6572916666666667 0.159375  0.159375
2 0.7770833333333333 0.42083333333333334 0.390625  0.390625
0 0.80625 0.34375 0.253125  0.25625
0 0.8739583333333333 0.31354166666666666 0.13020833333333334  0.14791666666666667
0 0.903125 0.5145833333333333 0.14895833333333333  0.16354166666666667
