2 0.09583333333333334 0.4114583333333333 0.12395833333333334  0.12395833333333334
2 0.8458333333333333 0.315625 0.14479166666666668  0.14479166666666668
0 0.375 0.2520833333333333 0.29270833333333335  0.271875
0 0.221875 0.6177083333333333 0.17395833333333333  0.17083333333333334
2 0.5708333333333333 0.8291666666666667 0.246875  0.246875
0 0.7395833333333334 0.634375 0.2125  0.24375
1 0.75 0.41770833333333335 0.10104166666666667  0.10104166666666667
0 0.5375 0.7895833333333333 0.33229166666666665  0.3260416666666667
0 0.6291666666666667 0.5229166666666667 0.296875  0.2625
1 0.6604166666666667 0.5291666666666667 0.23229166666666667  0.23229166666666667
