0 0.615625 0.31875 0.2625  0.2833333333333333
2 0.7395833333333334 0.19479166666666667 0.21770833333333334  0.21770833333333334
0 0.196875 0.37083333333333335 0.26145833333333335  0.23229166666666667
1 0.425 0.34479166666666666 0.16979166666666667  0.16979166666666667
0 0.178125 0.79375 0.22395833333333334  0.21770833333333334
2 0.15625 0.21145833333333333 0.15729166666666666  0.15729166666666666
0 0.715625 0.3125 0.17916666666666667  0.203125
2 0.7208333333333333 0.4979166666666667 0.17604166666666668  0.17604166666666668
0 0.615625 0.7052083333333333 0.16979166666666667  0.146875
1 0.4895833333333333 0.20520833333333333 0.290625  0.290625
1 0.271875 0.515625 0.259375  0.259375
2 0.459375 0.5885416666666666 0.23229166666666667  0.23229166666666667
