0 0.4739583333333333 0.7739583333333333 0.28020833333333334  0.2552083333333333
0 0.6114583333333333 0.23958333333333334 0.3260416666666667  0.290625
2 0.74375 0.23229166666666667 0.10416666666666667  0.10416666666666667
1 0.4197916666666667 0.209375 0.13854166666666667  0.13854166666666667
0 0.53125 0.58125 0.22291666666666668  0.25
1 0.509375 0.515625 0.16770833333333332  0.16770833333333332
2 0.39479166666666665 0.209375 0.35104166666666664  0.35104166666666664
2 0.6052083333333333 0.14583333333333334 0.121875  0.121875
2 0.17291666666666666 0.17083333333333334 0.19479166666666667  0.19479166666666667
2 0.828125 0.8395833333333333 0.10729166666666666  0.10729166666666666
