0 0.7302083333333333 0.8479166666666667 0.16770833333333332  0.16979166666666667
2 0.240625 0.7375 0.2833333333333333  0.2833333333333333
1 0.24791666666666667 0.6270833333333333 0.1  0.1
2 0.24375 0.40208333333333335 0.3614583333333333  0.3614583333333333
1 0.6489583333333333 0.9270833333333334 0.09270833333333334  0.09270833333333334
0 0.5614583333333333 0.23854166666666668 0.184375  0.20104166666666667
2 0.5697916666666667 0.5510416666666667 0.23020833333333332  0.23020833333333332
1 0.18541666666666667 0.63125 0.12395833333333334  0.12395833333333334
1 0.12604166666666666 0.8145833333333333 0.13020833333333334  0.13020833333333334
0 0.665625 0.7979166666666667 0.25104166666666666  0.284375
