1 0.8864583333333333 0.6541666666666667 0.20104166666666667  0.20104166666666667
2 0.26666666666666666 0.17083333333333334 0.13645833333333332  0.13645833333333332
2 0.40520833333333334 0.3125 0.3489583333333333  0.3489583333333333
2 0.3697916666666667 0.48541666666666666 0.321875  0.321875
2 0.6458333333333334 0.8885416666666667 0.13020833333333334  0.13020833333333334
1 0.465625 0.5854166666666667 0.20520833333333333  0.20520833333333333
2 0.5239583333333333 0.26666666666666666 0.2989583333333333  0.2989583333333333
2 0.6020833333333333 0.34791666666666665 0.36354166666666665  0.36354166666666665
2 0.3145833333333333 0.09583333333333334 0.15416666666666667  0.15416666666666667
1 0.5802083333333333 0.8083333333333333 0.22395833333333334  0.22395833333333334
1 0.19375 0.796875 0.265625  0.265625
