1 0.5510416666666667 0.44375 0.3927083333333333  0.3927083333333333
2 0.778125 0.521875 0.203125  0.203125
2 0.796875 0.23125 0.3885416666666667  0.3885416666666667
1 0.884375 0.203125 0.203125  0.203125
1 0.384375 0.6604166666666667 0.20729166666666668  0.20729166666666668
2 0.6645833333333333 0.7822916666666667 0.328125  0.328125
2 0.42604166666666665 0.3333333333333333 0.32395833333333335  0.32395833333333335
1 0.7364583333333333 0.48125 0.221875  0.221875
1 0.534375 0.13020833333333334 0.246875  0.246875
0 0.6239583333333333 0.203125 0.29583333333333334  0.31666666666666665
0 0.3572916666666667 0.3333333333333333 0.13541666666666666  0.15416666666666667
