0 0.7875 0.8104166666666667 0.09270833333333334  0.0875
1 0.7052083333333333 0.75625 0.3125  0.3125
0 0.44166666666666665 0.8604166666666667 0.13541666666666666  0.15416666666666667
2 0.8427083333333333 0.45208333333333334 0.31145833333333334  0.31145833333333334
0 0.5104166666666666 0.3625 0.1625  0.17083333333333334
1 0.753125 0.32083333333333336 0.228125  0.228125
1 0.21458333333333332 0.553125 0.309375  0.309375
0 0.5864583333333333 0.8010416666666667 0.18958333333333333  0.21041666666666667
1 0.278125 0.1625 0.23229166666666667  0.23229166666666667
1 0.08229166666666667 0.7697916666666667 0.10729166666666666  0.10729166666666666
0 0.6739583333333333 0.7770833333333333 0.26666666666666666  0.30416666666666664
