0 0.5041666666666667 0.4010416666666667 0.09375  0.10520833333333333
2 0.6760416666666667 0.23333333333333334 0.15520833333333334  0.15520833333333334
2 0.5875 0.7052083333333333 0.15  0.15
1 0.8302083333333333 0.640625 0.22395833333333334  0.22395833333333334
0 0.7010416666666667 0.26145833333333335 0.190625  0.17291666666666666
0 0.25625 0.33541666666666664 0.2552083333333333  0.24895833333333334
2 0.725 0.721875 0.19895833333333332  0.19895833333333332
1 0.60625 0.20208333333333334 0.296875  0.296875
2 0.7302083333333333 0.6458333333333334 0.26979166666666665  0.26979166666666665
2 0.36041666666666666 0.6645833333333333 0.16458333333333333  0.16458333333333333
