2 0.8510416666666667 0.9041666666666667 0.16979166666666667  0.16979166666666667
0 0.7791666666666667 0.165625 0.23229166666666667  0.26145833333333335
0 0.653125 0.65625 0.30104166666666665  0.27708333333333335
2 0.16875 0.7520833333333333 0.15104166666666666  0.15104166666666666
1 0.5177083333333333 0.7135416666666666 0.26979166666666665  0.26979166666666665
0 0.34375 0.396875 0.26979166666666665  0.28541666666666665
0 0.134375 0.16666666666666666 0.14479166666666668  0.16770833333333332
1 0.26145833333333335 0.140625 0.11770833333333333  0.11770833333333333
2 0.8104166666666667 0.5083333333333333 0.11770833333333333  0.11770833333333333
1 0.16770833333333332 0.20833333333333334 0.253125  0.253125
0 0.15416666666666667 0.39375 0.11041666666666666  0.12708333333333333
