2 0.35833333333333334 0.6583333333333333 0.23229166666666667  0.23229166666666667
1 0.32083333333333336 0.7541666666666667 0.19270833333333334  0.19270833333333334
1 0.653125 0.790625 0.35520833333333335  0.35520833333333335
2 0.8822916666666667 0.309375 0.19270833333333334  0.19270833333333334
0 0.359375 0.4625 0.26458333333333334  0.26145833333333335
2 0.8479166666666667 0.8364583333333333 0.15104166666666666  0.15104166666666666
0 0.640625 0.421875 0.24583333333333332  0.25833333333333336
0 0.5739583333333333 0.9270833333333334 0.11458333333333333  0.12395833333333334
1 0.16875 0.7510416666666667 0.20520833333333333  0.20520833333333333
2 0.38645833333333335 0.08541666666666667 0.09895833333333333  0.09895833333333333
