2 0.5322916666666667 0.46041666666666664 0.28854166666666664  0.28854166666666664
1 0.14895833333333333 0.5875 0.259375  0.259375
0 0.41041666666666665 0.790625 0.1375  0.13541666666666666
2 0.628125 0.2635416666666667 0.240625  0.240625
0 0.47708333333333336 0.40208333333333335 0.10416666666666667  0.09479166666666666
1 0.9177083333333333 0.26979166666666665 0.11145833333333334  0.11145833333333334
0 0.6895833333333333 0.4197916666666667 0.271875  0.24270833333333333
2 0.68125 0.71875 0.384375  0.384375
2 0.6666666666666666 0.6083333333333333 0.15104166666666666  0.15104166666666666
2 0.690625 0.22604166666666667 0.15104166666666666  0.15104166666666666
2 0.775 0.36354166666666665 0.16354166666666667  0.16354166666666667
2 0.4395833333333333 0.7145833333333333 0.38958333333333334  0.38958333333333334
