1 0.48020833333333335 0.34375 0.246875  0.246875
0 0.59375 0.21354166666666666 0.20833333333333334  0.20208333333333334
1 0.5166666666666667 0.290625 0.28229166666666666  0.28229166666666666
1 0.37604166666666666 0.5916666666666667 0.3260416666666667  0.3260416666666667
1 0.6989583333333333 0.30520833333333336 0.140625  0.140625
2 0.5229166666666667 0.765625 0.2791666666666667  0.2791666666666667
2 0.49895833333333334 0.7447916666666666 0.23229166666666667  0.23229166666666667
2 0.175 0.14166666666666666 0.13854166666666667  0.13854166666666667
1 0.290625 0.546875 0.28229166666666666  0.28229166666666666
1 0.7791666666666667 0.17708333333333334 0.18020833333333333  0.18020833333333333
1 0.5291666666666667 0.6114583333333333 0.259375  0.259375
0 0.13958333333333334 0.5895833333333333 0.140625  0.128125
