1 0.6145833333333334 0.6197916666666666 0.27708333333333335  0.27708333333333335
1 0.665625 0.32916666666666666 0.20729166666666668  0.20729166666666668
2 0.6833333333333333 0.21145833333333333 0.16770833333333332  0.16770833333333332
2 0.8791666666666667 0.07291666666666667 0.14479166666666668  0.14479166666666668
1 0.29791666666666666 0.496875 0.28020833333333334  0.28020833333333334
2 0.7270833333333333 0.6416666666666667 0.2989583333333333  0.2989583333333333
0 0.175 0.29375 0.13333333333333333  0.13125
1 0.5239583333333333 0.34791666666666665 0.25104166666666666  0.25104166666666666
2 0.434375 0.7697916666666667 0.3770833333333333  0.3770833333333333
1 0.765625 0.671875 0.228125  0.228125
2 0.8614583333333333 0.8197916666666667 0.203125  0.203125
