0 0.8791666666666667 0.8520833333333333 0.146875  0.13541666666666666
2 0.5104166666666666 0.259375 0.3885416666666667  0.3885416666666667
0 0.3020833333333333 0.25104166666666666 0.26979166666666665  0.28541666666666665
1 0.7010416666666667 0.7583333333333333 0.13020833333333334  0.13020833333333334
2 0.3 0.18854166666666666 0.23854166666666668  0.23854166666666668
1 0.29270833333333335 0.5666666666666667 0.19270833333333334  0.19270833333333334
2 0.2 0.2625 0.246875  0.246875
0 0.33958333333333335 0.81875 0.18958333333333333  0.2125
0 0.434375 0.5520833333333334 0.18958333333333333  0.16666666666666666
0 0.8322916666666667 0.275 0.08958333333333333  0.09270833333333334
