0 0.671875 0.4822916666666667 0.25104166666666666  0.284375
2 0.19270833333333334 0.3125 0.2760416666666667  0.2760416666666667
0 0.3145833333333333 0.728125 0.271875  0.28125
2 0.17395833333333333 0.359375 0.34791666666666665  0.34791666666666665
1 0.7364583333333333 0.678125 0.253125  0.253125
0 0.9291666666666667 0.3020833333333333 0.09166666666666666  0.08020833333333334
0 0.16979166666666667 0.553125 0.14479166666666668  0.14479166666666668
2 0.3885416666666667 0.340625 0.359375  0.359375
1 0.2520833333333333 0.6729166666666667 0.18229166666666666  0.18229166666666666
0 0.6270833333333333 0.41041666666666665 0.3072916666666667  0.34479166666666666
