0 0.20729166666666668 0.6802083333333333 0.17395833333333333  0.16041666666666668
2 0.32395833333333335 0.7041666666666667 0.378125  0.378125
0 0.8864583333333333 0.178125 0.13125  0.13958333333333334
2 0.8114583333333333 0.5041666666666667 0.16979166666666667  0.16979166666666667
2 0.353125 0.09375 0.13229166666666667  0.13229166666666667
1 0.496875 0.5208333333333334 0.26145833333333335  0.26145833333333335
2 0.5354166666666667 0.44166666666666665 0.24270833333333333  0.24270833333333333
1 0.909375 0.5583333333333333 0.128125  0.128125
2 0.53125 0.5020833333333333 0.378125  0.378125
2 0.8145833333333333 0.628125 0.31354166666666666  0.31354166666666666
