2 0.4708333333333333 0.2552083333333333 0.23229166666666667  0.23229166666666667
1 0.2375 0.7041666666666667 0.134375  0.134375
0 0.2677083333333333 0.790625 0.10625  0.103125
2 0.14375 0.3729166666666667 0.2864583333333333  0.2864583333333333
2 0.8239583333333333 0.16979166666666667 0.32395833333333335  0.32395833333333335
1 0.29375 0.7302083333333333 0.221875  0.221875
1 0.66875 0.5947916666666667 0.334375  0.334375
1 0.8697916666666666 0.24375 0.10729166666666666  0.10729166666666666
0 0.3885416666666667 0.5979166666666667 0.17291666666666666  0.16770833333333332
0 0.12395833333333334 0.8416666666666667 0.10208333333333333  0.09583333333333334
