1 0.28541666666666665 0.2677083333333333 0.14895833333333333  0.14895833333333333
0 0.5114583333333333 0.3385416666666667 0.31875  0.33125
2 0.5322916666666667 0.5552083333333333 0.153125  0.153125
0 0.5239583333333333 0.709375 0.14479166666666668  0.128125
1 0.38125 0.6739583333333333 0.28020833333333334  0.28020833333333334
1 0.4270833333333333 0.7697916666666667 0.328125  0.328125
0 0.16875 0.3260416666666667 0.18229166666666666  0.20729166666666668
2 0.48020833333333335 0.8927083333333333 0.17604166666666668  0.17604166666666668
0 0.7177083333333333 0.709375 0.253125  0.24479166666666666
1 0.309375 0.17916666666666667 0.11354166666666667  0.11354166666666667
