0 0.36770833333333336 0.121875 0.140625  0.12604166666666666
1 0.2833333333333333 0.2875 0.25104166666666666  0.25104166666666666
1 0.534375 0.575 0.2552083333333333  0.2552083333333333
2 0.25104166666666666 0.496875 0.284375  0.284375
1 0.43125 0.6479166666666667 0.12395833333333334  0.12395833333333334
1 0.325 0.40625 0.221875  0.221875
0 0.096875 0.29270833333333335 0.1  0.09270833333333334
2 0.6885416666666667 0.7041666666666667 0.290625  0.290625
2 0.6197916666666666 0.5885416666666666 0.27395833333333336  0.27395833333333336
0 0.6427083333333333 0.3875 0.3385416666666667  0.31979166666666664
