1 0.75625 0.35104166666666664 0.22395833333333334  0.22395833333333334
1 0.6708333333333333 0.71875 0.33229166666666665  0.33229166666666665
2 0.490625 0.20104166666666667 0.38229166666666664  0.38229166666666664
2 0.4270833333333333 0.5510416666666667 0.26979166666666665  0.26979166666666665
0 0.090625 0.8333333333333334 0.12604166666666666  0.12083333333333333
2 0.8177083333333334 0.2864583333333333 0.121875  0.121875
0 0.23125 0.3125 0.115625  0.125
1 0.6166666666666667 0.15520833333333334 0.15104166666666666  0.15104166666666666
2 0.409375 0.37395833333333334 0.378125  0.378125
0 0.40520833333333334 0.34479166666666666 0.31875  0.29583333333333334
0 0.3125 0.696875 0.196875  0.228125
