1 0.25729166666666664 0.5458333333333333 0.278125  0.278125
0 0.553125 0.6114583333333333 0.21979166666666666  0.23645833333333333
0 0.36354166666666665 0.7458333333333333 0.278125  0.25625
0 0.13229166666666667 0.6760416666666667 0.146875  0.1375
1 0.88125 0.46041666666666664 0.18854166666666666  0.18854166666666666
2 0.23854166666666668 0.88125 0.115625  0.115625
1 0.31354166666666666 0.303125 0.265625  0.265625
0 0.58125 0.8072916666666666 0.19375  0.19895833333333332
0 0.6458333333333334 0.56875 0.10625  0.10208333333333333
2 0.6458333333333334 0.5604166666666667 0.146875  0.146875
