2 0.253125 0.6708333333333333 0.353125  0.353125
1 0.5510416666666667 0.203125 0.2760416666666667  0.2760416666666667
1 0.6729166666666667 0.4 0.21770833333333334  0.21770833333333334
2 0.5635416666666667 0.6552083333333333 0.34270833333333334  0.34270833333333334
2 0.909375 0.26875 0.14479166666666668  0.14479166666666668
0 0.6354166666666666 0.2760416666666667 0.228125  0.2375
2 0.5604166666666667 0.45 0.28229166666666666  0.28229166666666666
0 0.35104166666666664 0.11770833333333333 0.18958333333333333  0.175
2 0.6145833333333334 0.296875 0.271875  0.271875
1 0.515625 0.33125 0.228125  0.228125
