1 0.4479166666666667 0.9010416666666666 0.165625  0.165625
2 0.17708333333333334 0.9177083333333333 0.146875  0.146875
1 0.34270833333333334 0.7541666666666667 0.31354166666666666  0.31354166666666666
1 0.2708333333333333 0.33125 0.165625  0.165625
2 0.265625 0.25625 0.2947916666666667  0.2947916666666667
0 0.8145833333333333 0.4895833333333333 0.22291666666666668  0.2520833333333333
1 0.859375 0.4739583333333333 0.246875  0.246875
2 0.721875 0.6583333333333333 0.1875  0.1875
1 0.5864583333333333 0.1875 0.22604166666666667  0.22604166666666667
0 0.13645833333333332 0.46145833333333336 0.15104166666666666  0.15833333333333333
