0 0.18645833333333334 0.4947916666666667 0.3104166666666667  0.31354166666666666
1 0.5447916666666667 0.5520833333333334 0.13645833333333332  0.13645833333333332
0 0.265625 0.7135416666666666 0.20208333333333334  0.19375
1 0.6520833333333333 0.3572916666666667 0.31979166666666664  0.31979166666666664
1 0.13958333333333334 0.7364583333333333 0.196875  0.196875
2 0.28020833333333334 0.27395833333333336 0.37916666666666665  0.37916666666666665
1 0.3416666666666667 0.7885416666666667 0.21979166666666666  0.21979166666666666
1 0.5708333333333333 0.4625 0.284375  0.284375
2 0.178125 0.1375 0.253125  0.253125
2 0.7302083333333333 0.81875 0.265625  0.265625
