0 0.91875 0.1125 0.12708333333333333  0.134375
0 0.35104166666666664 0.3770833333333333 0.24895833333333334  0.26666666666666666
2 0.428125 0.5375 0.25104166666666666  0.25104166666666666
2 0.5229166666666667 0.7927083333333333 0.346875  0.346875
1 0.340625 0.39895833333333336 0.2635416666666667  0.2635416666666667
1 0.35833333333333334 0.690625 0.096875  0.096875
0 0.240625 0.515625 0.209375  0.2
2 0.628125 0.7052083333333333 0.190625  0.190625
2 0.37604166666666666 0.3958333333333333 0.13020833333333334  0.13020833333333334
1 0.303125 0.7177083333333333 0.21770833333333334  0.21770833333333334
2 0.7104166666666667 0.5427083333333333 0.190625  0.190625
