2 0.31145833333333334 0.33229166666666665 0.3802083333333333  0.3802083333333333
2 0.44166666666666665 0.65625 0.16354166666666667  0.16354166666666667
0 0.7552083333333334 0.6395833333333333 0.2708333333333333  0.29375
2 0.37604166666666666 0.85 0.18229166666666666  0.18229166666666666
1 0.546875 0.24375 0.22604166666666667  0.22604166666666667
2 0.5864583333333333 0.3229166666666667 0.23645833333333333  0.23645833333333333
1 0.553125 0.5875 0.3385416666666667  0.3385416666666667
1 0.26145833333333335 0.7635416666666667 0.246875  0.246875
0 0.546875 0.4635416666666667 0.11458333333333333  0.10520833333333333
0 0.68125 0.35 0.23229166666666667  0.21666666666666667
