1 0.6135416666666667 0.7385416666666667 0.28854166666666664  0.28854166666666664
2 0.6625 0.175 0.321875  0.321875
2 0.6270833333333333 0.4166666666666667 0.12395833333333334  0.12395833333333334
2 0.5958333333333333 0.2916666666666667 0.23645833333333333  0.23645833333333333
2 0.246875 0.7739583333333333 0.328125  0.328125
0 0.7635416666666667 0.19375 0.19166666666666668  0.21041666666666667
0 0.46145833333333336 0.6416666666666667 0.21354166666666666  0.19791666666666666
1 0.16354166666666667 0.26666666666666666 0.19270833333333334  0.19270833333333334
2 0.76875 0.446875 0.384375  0.384375
0 0.3385416666666667 0.7125 0.290625  0.31354166666666666
