2 0.59375 0.5010416666666667 0.23229166666666667  0.23229166666666667
2 0.9 0.8104166666666667 0.16979166666666667  0.16979166666666667
2 0.5302083333333333 0.6729166666666667 0.284375  0.284375
2 0.7104166666666667 0.79375 0.365625  0.365625
2 0.19583333333333333 0.253125 0.115625  0.115625
1 0.615625 0.5416666666666666 0.30104166666666665  0.30104166666666665
0 0.12708333333333333 0.109375 0.121875  0.13645833333333332
2 0.44375 0.35 0.3927083333333333  0.3927083333333333
2 0.8385416666666666 0.32395833333333335 0.190625  0.190625
0 0.44166666666666665 0.696875 0.19270833333333334  0.221875
