1 0.75 0.8354166666666667 0.16770833333333332  0.16770833333333332
0 0.6625 0.18229166666666666 0.11145833333333334  0.09791666666666667
1 0.675 0.21770833333333334 0.31979166666666664  0.31979166666666664
1 0.15520833333333334 0.415625 0.103125  0.103125
1 0.3697916666666667 0.34375 0.10729166666666666  0.10729166666666666
0 0.7166666666666667 0.79375 0.3260416666666667  0.33541666666666664
0 0.5104166666666666 0.321875 0.15729166666666666  0.17708333333333334
0 0.7 0.4864583333333333 0.2552083333333333  0.275
0 0.5489583333333333 0.4114583333333333 0.30104166666666665  0.309375
1 0.18125 0.23645833333333333 0.221875  0.221875
1 0.7166666666666667 0.396875 0.31145833333333334  0.31145833333333334
0 0.5833333333333334 0.20208333333333334 0.19583333333333333  0.19583333333333333
