1 0.6489583333333333 0.14583333333333334 0.23645833333333333  0.23645833333333333
1 0.25833333333333336 0.696875 0.23020833333333332  0.23020833333333332
2 0.6510416666666666 0.596875 0.390625  0.390625
2 0.44375 0.365625 0.20104166666666667  0.20104166666666667
2 0.8291666666666667 0.16354166666666667 0.321875  0.321875
2 0.25833333333333336 0.9302083333333333 0.11145833333333334  0.11145833333333334
0 0.428125 0.4479166666666667 0.12395833333333334  0.12291666666666666
1 0.30833333333333335 0.234375 0.13229166666666667  0.13229166666666667
1 0.6145833333333334 0.49375 0.29270833333333335  0.29270833333333335
0 0.175 0.778125 0.08229166666666667  0.08958333333333333
