0 0.26145833333333335 0.21666666666666667 0.3260416666666667  0.29583333333333334
2 0.6364583333333333 0.6260416666666667 0.346875  0.346875
2 0.5083333333333333 0.609375 0.37604166666666666  0.37604166666666666
1 0.7614583333333333 0.5458333333333333 0.24479166666666666  0.24479166666666666
1 0.5229166666666667 0.37395833333333334 0.28229166666666666  0.28229166666666666
2 0.10416666666666667 0.6291666666666667 0.10520833333333333  0.10520833333333333
0 0.19166666666666668 0.83125 0.18125  0.18333333333333332
1 0.16354166666666667 0.38229166666666664 0.178125  0.178125
0 0.6552083333333333 0.553125 0.221875  0.19375
2 0.5583333333333333 0.2760416666666667 0.10104166666666667  0.10104166666666667
