0 0.840625 0.16770833333333332 0.18541666666666667  0.16666666666666666
0 0.228125 0.896875 0.13958333333333334  0.12083333333333333
0 0.18958333333333333 0.21875 0.25  0.26979166666666665
1 0.18333333333333332 0.6697916666666667 0.28229166666666666  0.28229166666666666
1 0.6958333333333333 0.25729166666666664 0.365625  0.365625
1 0.39895833333333336 0.5416666666666666 0.19479166666666667  0.19479166666666667
2 0.6270833333333333 0.6 0.3885416666666667  0.3885416666666667
0 0.1 0.18333333333333332 0.14166666666666666  0.15416666666666667
1 0.88125 0.5125 0.17604166666666668  0.17604166666666668
1 0.246875 0.490625 0.21770833333333334  0.21770833333333334
1 0.5791666666666667 0.49270833333333336 0.21770833333333334  0.21770833333333334
