2 0.4 0.721875 0.153125  0.153125
1 0.8145833333333333 0.5625 0.346875  0.346875
2 0.859375 0.859375 0.2760416666666667  0.2760416666666667
1 0.5395833333333333 0.6177083333333333 0.20104166666666667  0.20104166666666667
1 0.21770833333333334 0.4739583333333333 0.15520833333333334  0.15520833333333334
0 0.7395833333333334 0.446875 0.30520833333333336  0.32916666666666666
0 0.16666666666666666 0.7708333333333334 0.15833333333333333  0.171875
0 0.43020833333333336 0.2791666666666667 0.225  0.259375
2 0.8604166666666667 0.2875 0.17604166666666668  0.17604166666666668
2 0.18125 0.653125 0.353125  0.353125
2 0.446875 0.465625 0.328125  0.328125
