0 0.5177083333333333 0.8302083333333333 0.15208333333333332  0.17083333333333334
1 0.34479166666666666 0.5645833333333333 0.221875  0.221875
1 0.2677083333333333 0.33229166666666665 0.18020833333333333  0.18020833333333333
2 0.5447916666666667 0.8229166666666666 0.234375  0.234375
1 0.5697916666666667 0.6885416666666667 0.09895833333333333  0.09895833333333333
2 0.8666666666666667 0.8333333333333334 0.17604166666666668  0.17604166666666668
0 0.634375 0.684375 0.275  0.2677083333333333
2 0.6822916666666666 0.7979166666666667 0.265625  0.265625
2 0.646875 0.4239583333333333 0.35520833333333335  0.35520833333333335
1 0.30625 0.7822916666666667 0.28020833333333334  0.28020833333333334
