2 0.7197916666666667 0.49583333333333335 0.21145833333333333  0.21145833333333333
2 0.228125 0.61875 0.3697916666666667  0.3697916666666667
1 0.6177083333333333 0.7385416666666667 0.134375  0.134375
0 0.83125 0.17395833333333333 0.18854166666666666  0.190625
1 0.13958333333333334 0.721875 0.09895833333333333  0.09895833333333333
2 0.7354166666666667 0.47604166666666664 0.334375  0.334375
0 0.5083333333333333 0.5979166666666667 0.175  0.165625
1 0.6020833333333333 0.24270833333333333 0.3072916666666667  0.3072916666666667
0 0.43854166666666666 0.2 0.2708333333333333  0.284375
0 0.12083333333333333 0.8072916666666666 0.109375  0.10520833333333333
