2 0.878125 0.26458333333333334 0.12604166666666666  0.12604166666666666
1 0.23125 0.4010416666666667 0.259375  0.259375
1 0.225 0.5114583333333333 0.16354166666666667  0.16354166666666667
2 0.4635416666666667 0.20208333333333334 0.13229166666666667  0.13229166666666667
1 0.3375 0.21458333333333332 0.253125  0.253125
1 0.16666666666666666 0.12291666666666666 0.240625  0.240625
1 0.271875 0.61875 0.2864583333333333  0.2864583333333333
2 0.796875 0.71875 0.21979166666666666  0.21979166666666666
2 0.428125 0.5135416666666667 0.36770833333333336  0.36770833333333336
1 0.5541666666666667 0.6385416666666667 0.146875  0.146875
