0 0.7072916666666667 0.8270833333333333 0.14479166666666668  0.1625
0 0.921875 0.075 0.12083333333333333  0.12291666666666666
1 0.6302083333333334 0.6427083333333333 0.278125  0.278125
0 0.5666666666666667 0.3541666666666667 0.31145833333333334  0.28854166666666664
0 0.49583333333333335 0.375 0.278125  0.2916666666666667
1 0.3541666666666667 0.7104166666666667 0.121875  0.121875
1 0.725 0.35833333333333334 0.146875  0.146875
0 0.6572916666666667 0.32083333333333336 0.103125  0.09895833333333333
1 0.11145833333333334 0.2791666666666667 0.14270833333333333  0.14270833333333333
1 0.6895833333333333 0.5760416666666667 0.15520833333333334  0.15520833333333334
1 0.7822916666666667 0.5083333333333333 0.16145833333333334  0.16145833333333334
