2 0.4708333333333333 0.8708333333333333 0.184375  0.184375
0 0.4739583333333333 0.628125 0.3  0.2864583333333333
1 0.16354166666666667 0.390625 0.31354166666666666  0.31354166666666666
2 0.31666666666666665 0.2833333333333333 0.32395833333333335  0.32395833333333335
0 0.36875 0.290625 0.30104166666666665  0.28958333333333336
2 0.11875 0.825 0.12604166666666666  0.12604166666666666
0 0.7302083333333333 0.33958333333333335 0.18854166666666666  0.20208333333333334
2 0.35520833333333335 0.39791666666666664 0.14479166666666668  0.14479166666666668
2 0.6260416666666667 0.24895833333333334 0.34479166666666666  0.34479166666666666
0 0.684375 0.7208333333333333 0.28958333333333336  0.309375
