2 0.5833333333333334 0.6802083333333333 0.103125  0.103125
1 0.6697916666666667 0.4041666666666667 0.096875  0.096875
0 0.68125 0.6875 0.18541666666666667  0.19583333333333333
1 0.90625 0.703125 0.15520833333333334  0.15520833333333334
0 0.503125 0.23645833333333333 0.1125  0.11041666666666666
1 0.8114583333333333 0.4166666666666667 0.2864583333333333  0.2864583333333333
0 0.3145833333333333 0.7739583333333333 0.246875  0.278125
1 0.246875 0.21770833333333334 0.259375  0.259375
1 0.6989583333333333 0.53125 0.14270833333333333  0.14270833333333333
1 0.3416666666666667 0.9229166666666667 0.10729166666666666  0.10729166666666666
