2 0.6958333333333333 0.453125 0.340625  0.340625
0 0.7604166666666666 0.7697916666666667 0.16458333333333333  0.16666666666666666
2 0.7958333333333333 0.15 0.146875  0.146875
1 0.37916666666666665 0.84375 0.253125  0.253125
0 0.203125 0.63125 0.3177083333333333  0.3229166666666667
2 0.15208333333333332 0.434375 0.253125  0.253125
0 0.7895833333333333 0.5510416666666667 0.19375  0.18541666666666667
1 0.6635416666666667 0.6541666666666667 0.21770833333333334  0.21770833333333334
1 0.2604166666666667 0.21145833333333333 0.35520833333333335  0.35520833333333335
2 0.5291666666666667 0.5229166666666667 0.13854166666666667  0.13854166666666667
