0 0.6541666666666667 0.23020833333333332 0.328125  0.31354166666666666
2 0.421875 0.17291666666666666 0.13645833333333332  0.13645833333333332
0 0.6583333333333333 0.23958333333333334 0.18333333333333332  0.20520833333333333
2 0.35104166666666664 0.5 0.309375  0.309375
2 0.4239583333333333 0.7197916666666667 0.30520833333333336  0.30520833333333336
1 0.6458333333333334 0.75625 0.19895833333333332  0.19895833333333332
1 0.3104166666666667 0.5354166666666667 0.2635416666666667  0.2635416666666667
0 0.490625 0.5572916666666666 0.184375  0.18125
1 0.39166666666666666 0.2552083333333333 0.19270833333333334  0.19270833333333334
2 0.4479166666666667 0.6729166666666667 0.14791666666666667  0.14791666666666667
1 0.6166666666666667 0.6229166666666667 0.24895833333333334  0.24895833333333334
1 0.8541666666666666 0.615625 0.246875  0.246875
