1 0.3229166666666667 0.7260416666666667 0.26145833333333335  0.26145833333333335
0 0.19375 0.5770833333333333 0.16354166666666667  0.178125
1 0.7229166666666667 0.746875 0.28854166666666664  0.28854166666666664
2 0.5947916666666667 0.734375 0.18229166666666666  0.18229166666666666
2 0.225 0.6552083333333333 0.13229166666666667  0.13229166666666667
0 0.6572916666666667 0.6927083333333334 0.29791666666666666  0.2791666666666667
2 0.125 0.60625 0.153125  0.153125
0 0.5583333333333333 0.7197916666666667 0.2947916666666667  0.32708333333333334
0 0.6041666666666666 0.6666666666666666 0.13854166666666667  0.13229166666666667
0 0.621875 0.29791666666666666 0.125  0.11770833333333333
2 0.565625 0.665625 0.178125  0.178125
