1 0.21770833333333334 0.7322916666666667 0.246875  0.246875
1 0.865625 0.18333333333333332 0.14270833333333333  0.14270833333333333
1 0.35104166666666664 0.8145833333333333 0.21770833333333334  0.21770833333333334
0 0.5520833333333334 0.7739583333333333 0.2708333333333333  0.27291666666666664
2 0.178125 0.3875 0.16979166666666667  0.16979166666666667
1 0.43854166666666666 0.7041666666666667 0.121875  0.121875
1 0.5708333333333333 0.5729166666666666 0.234375  0.234375
1 0.415625 0.19375 0.328125  0.328125
0 0.58125 0.7916666666666666 0.2916666666666667  0.33645833333333336
1 0.33645833333333336 0.29583333333333334 0.321875  0.321875
