1 0.553125 0.21770833333333334 0.246875  0.246875
2 0.8125 0.7854166666666667 0.30520833333333336  0.30520833333333336
1 0.39479166666666665 0.8135416666666667 0.140625  0.140625
1 0.20208333333333334 0.5885416666666666 0.11354166666666667  0.11354166666666667
1 0.6114583333333333 0.15833333333333333 0.09895833333333333  0.09895833333333333
2 0.490625 0.459375 0.3614583333333333  0.3614583333333333
0 0.5802083333333333 0.7052083333333333 0.296875  0.2864583333333333
2 0.8260416666666667 0.21875 0.26979166666666665  0.26979166666666665
1 0.26875 0.30625 0.31354166666666666  0.31354166666666666
2 0.39479166666666665 0.74375 0.303125  0.303125
