0 0.378125 0.409375 0.20729166666666668  0.19583333333333333
1 0.203125 0.521875 0.203125  0.203125
0 0.47604166666666664 0.359375 0.21041666666666667  0.2125
0 0.6729166666666667 0.73125 0.13645833333333332  0.14375
1 0.17083333333333334 0.496875 0.090625  0.090625
1 0.7177083333333333 0.46979166666666666 0.21145833333333333  0.21145833333333333
2 0.815625 0.28229166666666666 0.22604166666666667  0.22604166666666667
1 0.7166666666666667 0.5947916666666667 0.290625  0.290625
1 0.828125 0.6770833333333334 0.253125  0.253125
1 0.215625 0.6197916666666666 0.10104166666666667  0.10104166666666667
1 0.759375 0.925 0.128125  0.128125
