2 0.22291666666666668 0.12395833333333334 0.21770833333333334  0.21770833333333334
1 0.8645833333333334 0.31354166666666666 0.18645833333333334  0.18645833333333334
0 0.19791666666666666 0.30833333333333335 0.26979166666666665  0.296875
0 0.6791666666666667 0.19583333333333333 0.28020833333333334  0.278125
0 0.7916666666666666 0.40520833333333334 0.140625  0.13333333333333333
1 0.4354166666666667 0.20104166666666667 0.184375  0.184375
0 0.7822916666666667 0.696875 0.2760416666666667  0.23958333333333334
2 0.7916666666666666 0.18854166666666666 0.109375  0.109375
0 0.675 0.4479166666666667 0.3104166666666667  0.325
1 0.79375 0.428125 0.140625  0.140625
1 0.23229166666666667 0.6302083333333334 0.3614583333333333  0.3614583333333333
