0 0.5072916666666667 0.58125 0.175  0.20104166666666667
1 0.29270833333333335 0.39479166666666665 0.14479166666666668  0.14479166666666668
0 0.209375 0.453125 0.23854166666666668  0.23020833333333332
2 0.6875 0.47604166666666664 0.284375  0.284375
0 0.18958333333333333 0.7614583333333333 0.19166666666666668  0.17604166666666668
1 0.2552083333333333 0.8447916666666667 0.240625  0.240625
2 0.590625 0.403125 0.3385416666666667  0.3385416666666667
2 0.08333333333333333 0.834375 0.134375  0.134375
2 0.5229166666666667 0.5635416666666667 0.2864583333333333  0.2864583333333333
0 0.43645833333333334 0.7260416666666667 0.284375  0.2635416666666667
2 0.8583333333333333 0.5395833333333333 0.2677083333333333  0.2677083333333333
