2 0.3958333333333333 0.22291666666666668 0.11770833333333333  0.11770833333333333
2 0.8375 0.8822916666666667 0.134375  0.134375
1 0.825 0.265625 0.153125  0.153125
2 0.3541666666666667 0.171875 0.33645833333333336  0.33645833333333336
1 0.7458333333333333 0.53125 0.284375  0.284375
1 0.46458333333333335 0.3614583333333333 0.2635416666666667  0.2635416666666667
2 0.15104166666666666 0.10208333333333333 0.18645833333333334  0.18645833333333334
2 0.7375 0.15208333333333332 0.115625  0.115625
0 0.7947916666666667 0.5416666666666666 0.10104166666666667  0.08854166666666667
1 0.3802083333333333 0.1125 0.09479166666666666  0.09479166666666666
