1 0.796875 0.746875 0.303125  0.303125
1 0.13958333333333334 0.1375 0.21770833333333334  0.21770833333333334
1 0.309375 0.8291666666666667 0.090625  0.090625
1 0.84375 0.45 0.18229166666666666  0.18229166666666666
1 0.6895833333333333 0.171875 0.31145833333333334  0.31145833333333334
1 0.4197916666666667 0.6052083333333333 0.35520833333333335  0.35520833333333335
1 0.7729166666666667 0.7604166666666666 0.23229166666666667  0.23229166666666667
0 0.7416666666666667 0.8739583333333333 0.165625  0.15208333333333332
2 0.6052083333333333 0.2947916666666667 0.259375  0.259375
1 0.7239583333333334 0.13541666666666666 0.240625  0.240625
