2 0.14479166666666668 0.8291666666666667 0.184375  0.184375
2 0.521875 0.5322916666666667 0.14270833333333333  0.14270833333333333
0 0.32083333333333336 0.196875 0.3385416666666667  0.31145833333333334
1 0.6041666666666666 0.6625 0.3302083333333333  0.3302083333333333
0 0.7583333333333333 0.35625 0.17291666666666666  0.15104166666666666
1 0.5395833333333333 0.7291666666666666 0.140625  0.140625
0 0.48333333333333334 0.36770833333333336 0.16145833333333334  0.17395833333333333
2 0.721875 0.40520833333333334 0.38645833333333335  0.38645833333333335
2 0.4083333333333333 0.484375 0.2760416666666667  0.2760416666666667
0 0.37604166666666666 0.31979166666666664 0.2916666666666667  0.30520833333333336
