1 0.24166666666666667 0.7895833333333333 0.2635416666666667  0.2635416666666667
1 0.6333333333333333 0.35 0.259375  0.259375
2 0.9375 0.38333333333333336 0.109375  0.109375
2 0.24166666666666667 0.7125 0.30520833333333336  0.30520833333333336
1 0.6947916666666667 0.17291666666666666 0.090625  0.090625
0 0.7635416666666667 0.465625 0.31666666666666665  0.3072916666666667
2 0.6364583333333333 0.7354166666666667 0.13645833333333332  0.13645833333333332
0 0.6125 0.875 0.184375  0.17291666666666666
0 0.37604166666666666 0.7770833333333333 0.28125  0.2791666666666667
1 0.7625 0.2677083333333333 0.20104166666666667  0.20104166666666667
